0 0.6815036452004861 0.576371473354232 0.0579769137302552 0.044937304075235135
12 0.6595261239368165 0.5394592476489029 0.005492102065613587 0.02390282131661442
12 0.5888547995139732 0.5399294670846395 0.006251518833535822 0.02390282131661442
12 0.4840795868772783 0.543228840125392 0.008754556500607514 0.0367398119122257
1 0.22797691373025517 0.5630485893416928 0.05328068043742409 0.20336990595611285
0 0.6530801944106926 0.6329858934169279 0.1011300121506683 0.09296238244514107
1 0.10586269744835966 0.5484717868338558 0.033110571081409475 0.05885579937304077
0 0.6815036452004861 0.576371473354232 0.0579769137302552 0.044937304075235135
12 0.6595261239368165 0.5394592476489029 0.005492102065613587 0.02390282131661442
12 0.5888547995139732 0.5399294670846395 0.006251518833535822 0.02390282131661442
12 0.4840795868772783 0.543228840125392 0.008754556500607514 0.0367398119122257
1 0.22797691373025517 0.5630485893416928 0.05328068043742409 0.20336990595611285
0 0.6530801944106926 0.6329858934169279 0.1011300121506683 0.09296238244514107
1 0.10586269744835966 0.5484717868338558 0.033110571081409475 0.05885579937304077
