1 0.04119987849331713 0.5615673981191223 0.055753341433778865 0.08385579937304075
9 0.33379100850546783 0.5526567398119123 0.018590522478736344 0.03860501567398127
6 0.1440400972053463 0.5468416927899686 0.007071688942891851 0.014968652037617573
6 0.24119076549210205 0.5467476489028213 0.006196840826245471 0.017163009404388696
9 0.06916767922235723 0.5515047021943574 0.01647630619684082 0.03899686520376175
1 0.09133049817739974 0.5459639498432601 0.013912515188335361 0.045626959247648924
1 0.21504252733900364 0.5605799373040752 0.043961117861482386 0.1336050156739812
1 0.04119987849331713 0.5615673981191223 0.055753341433778865 0.08385579937304075
9 0.33379100850546783 0.5526567398119123 0.018590522478736344 0.03860501567398127
6 0.1440400972053463 0.5468416927899686 0.007071688942891851 0.014968652037617573
6 0.24119076549210205 0.5467476489028213 0.006196840826245471 0.017163009404388696
9 0.06916767922235723 0.5515047021943574 0.01647630619684082 0.03899686520376175
1 0.09133049817739974 0.5459639498432601 0.013912515188335361 0.045626959247648924
1 0.21504252733900364 0.5605799373040752 0.043961117861482386 0.1336050156739812
