1 0.2522417982989064 0.5525078369905956 0.04047387606318348 0.15297805642633233
1 0.13104495747266098 0.5545846394984326 0.022478736330498177 0.05117554858934166
0 0.18805285540704736 0.5831504702194358 0.01575334143377886 0.03307210031347966
0 0.06476002430133657 0.740384012539185 0.11080801944106924 0.18358934169278987
1 0.1516190765492102 0.5646943573667711 0.010492102065613598 0.03142633228840127
1 0.035021263669501826 0.5571630094043888 0.06226609963547995 0.09821316614420067
1 0.2522417982989064 0.5525078369905956 0.04047387606318348 0.15297805642633233
1 0.13104495747266098 0.5545846394984326 0.022478736330498177 0.05117554858934166
0 0.18805285540704736 0.5831504702194358 0.01575334143377886 0.03307210031347966
0 0.06476002430133657 0.740384012539185 0.11080801944106924 0.18358934169278987
1 0.1516190765492102 0.5646943573667711 0.010492102065613598 0.03142633228840127
1 0.035021263669501826 0.5571630094043888 0.06226609963547995 0.09821316614420067
