0 0.1752551640340219 0.5783542319749216 0.010996354799513953 0.02100313479623821
0 0.20417375455650064 0.5910501567398119 0.01780072904009721 0.032915360501567396
0 0.06666160388821385 0.5651880877742947 0.007697448359659782 0.013542319749216368
0 0.07691980558930742 0.5718495297805642 0.008809234507897943 0.016457680250783698
1 0.08566828675577157 0.5621316614420062 0.01488456865127582 0.046551724137931016
0 0.13223572296476305 0.5658699059561129 0.00879708383961119 0.015438871473354179
1 0.02011846901579587 0.5651253918495297 0.04023693803159174 0.11532915360501565
0 0.1752551640340219 0.5783542319749216 0.010996354799513953 0.02100313479623821
0 0.20417375455650064 0.5910501567398119 0.01780072904009721 0.032915360501567396
0 0.06666160388821385 0.5651880877742947 0.007697448359659782 0.013542319749216368
0 0.07691980558930742 0.5718495297805642 0.008809234507897943 0.016457680250783698
1 0.08566828675577157 0.5621316614420062 0.01488456865127582 0.046551724137931016
0 0.13223572296476305 0.5658699059561129 0.00879708383961119 0.015438871473354179
1 0.02011846901579587 0.5651253918495297 0.04023693803159174 0.11532915360501565
