21 0.5313335358444715 0.9146081504702194 0.11242405832320782 0.13128526645768024
1 0.08290704738760632 0.5490360501567397 0.14864520048602675 0.08844827586206898
1 0.6286452004860267 0.5479702194357368 0.16385176184690153 0.08995297805642631
0 0.3231804374240583 0.5725235109717868 0.02971445929526122 0.029184952978056435
21 0.2392375455650061 0.6646394984326018 0.04092952612393682 0.030250783699059577
10 0.31823511543134875 0.5412852664576803 0.009094775212636642 0.0233855799373041
8 0.13183171324422843 0.6631034482758621 0.02576549210206561 0.06783699059561124
10 0.44028250303766703 0.5400705329153604 0.009823815309842016 0.024561128526645704
21 0.3632746051032807 0.6654780564263324 0.03622114216281896 0.030235109717868372
3 0.2433171324422843 0.5517006269592477 0.09769137302551638 0.07904388714733543
