7 0.08384872417982989 0.5228448275862069 0.010261239368165259 0.027037617554858933
7 0.08344471445929526 0.4936206896551724 0.01120291616038882 0.03178683385579933
21 0.39096901579586874 0.8159404388714733 0.07914337788578371 0.17545454545454536
21 0.21322600243013368 0.7317241379310345 0.03034021871202916 0.09479623824451405
12 0.4975941676792223 0.5105015673981191 0.007837181044957458 0.033385579937304094
21 0.09764884568651278 0.6630015673981191 0.03733900364520049 0.04575235109717868
21 0.143544957472661 0.5890282131661442 0.026093560145808013 0.015360501567398138
6 0.24446233292831104 0.508064263322884 0.006421628189550421 0.012680250783699021
21 0.31985115431348726 0.6394278996865205 0.035206561360874876 0.0334012539184953
1 0.20703827460510327 0.5276802507836991 0.03315309842041312 0.10363636363636364
7 0.08384872417982989 0.5228448275862069 0.010261239368165259 0.027037617554858933
7 0.08344471445929526 0.4936206896551724 0.01120291616038882 0.03178683385579933
21 0.39096901579586874 0.8159404388714733 0.07914337788578371 0.17545454545454536
21 0.21322600243013368 0.7317241379310345 0.03034021871202916 0.09479623824451405
12 0.4975941676792223 0.5105015673981191 0.007837181044957458 0.033385579937304094
21 0.09764884568651278 0.6630015673981191 0.03733900364520049 0.04575235109717868
21 0.143544957472661 0.5890282131661442 0.026093560145808013 0.015360501567398138
6 0.24446233292831104 0.508064263322884 0.006421628189550421 0.012680250783699021
21 0.31985115431348726 0.6394278996865205 0.035206561360874876 0.0334012539184953
1 0.20703827460510327 0.5276802507836991 0.03315309842041312 0.10363636363636364
