1 0.10849027946537058 0.5442711598746082 0.016749696233292845 0.06318181818181819
1 0.1821749696233293 0.5454623824451411 0.02193195625759418 0.06158307210031342
2 0.08583839611178616 0.5556739811912226 0.01239368165249089 0.03134796238244514
0 0.16732077764277034 0.5786128526645767 0.015528554070473877 0.03537617554858933
0 0.09804374240583232 0.5517554858934169 0.006925880923450793 0.014169278996865237
1 0.10849027946537058 0.5442711598746082 0.016749696233292845 0.06318181818181819
1 0.1821749696233293 0.5454623824451411 0.02193195625759418 0.06158307210031342
2 0.08583839611178616 0.5556739811912226 0.01239368165249089 0.03134796238244514
0 0.16732077764277034 0.5786128526645767 0.015528554070473877 0.03537617554858933
0 0.09804374240583232 0.5517554858934169 0.006925880923450793 0.014169278996865237
