7 0.2144714459295261 0.4711285266457681 0.06834750911300122 0.03416927899686522
7 0.2521931956257594 0.2626332288401254 0.08931956257594166 0.07344827586206899
7 0.35568347509112996 0.5432601880877743 0.028608748481166485 0.09275862068965518
1 0.21146415552855408 0.5484012539184953 0.02484811664641554 0.09278996865203769
0 0.1696658566221142 0.5837460815047022 0.01925880923450789 0.040909090909090944
7 0.09921324422843257 0.5539733542319749 0.01803766707168894 0.08183385579937309
7 0.2144714459295261 0.4711285266457681 0.06834750911300122 0.03416927899686522
7 0.2521931956257594 0.2626332288401254 0.08931956257594166 0.07344827586206899
7 0.35568347509112996 0.5432601880877743 0.028608748481166485 0.09275862068965518
1 0.21146415552855408 0.5484012539184953 0.02484811664641554 0.09278996865203769
0 0.1696658566221142 0.5837460815047022 0.01925880923450789 0.040909090909090944
7 0.09921324422843257 0.5539733542319749 0.01803766707168894 0.08183385579937309
