7 0.5766891891891892 0.3377615062761506 0.1062252252252253 0.17464435146443516
0 0.5087387387387388 0.7282426778242679 0.02972972972972973 0.049372384937238424
1 0.4566711711711712 0.6735774058577406 0.06361261261261263 0.22485355648535557
1 0.30738738738738736 0.69836820083682 0.04009009009009009 0.04288702928870293
7 0.5903198198198198 0.2264225941422594 0.07709009009009003 0.046569037656903775
7 0.5766891891891892 0.3377615062761506 0.1062252252252253 0.17464435146443516
0 0.5087387387387388 0.7282426778242679 0.02972972972972973 0.049372384937238424
1 0.4566711711711712 0.6735774058577406 0.06361261261261263 0.22485355648535557
1 0.30738738738738736 0.69836820083682 0.04009009009009009 0.04288702928870293
7 0.5903198198198198 0.2264225941422594 0.07709009009009003 0.046569037656903775
