1 0.8431531531531531 0.5017573221757322 0.3136936936936937 0.9959832635983263
7 0.6683693693693693 0.6010774058577406 0.027279279279279256 0.05115062761506286
0 0.3651261261261261 0.7015690376569038 0.02603603603603607 0.032217573221757397
0 0.6140990990990992 0.7005439330543933 0.01027027027027025 0.01924686192468617
0 0.6455810810810811 0.7053451882845188 0.015342342342342318 0.030104602510460342
0 0.11303153153153153 0.698797071129707 0.06318018018018018 0.06922594142259408
0 0.02604054054054054 0.6959309623430961 0.05208108108108108 0.09767782426778242
0 0.42818918918918913 0.694560669456067 0.016126126126126156 0.02656903765690386
0 0.5974774774774775 0.7020083682008368 0.00837837837837844 0.016736401673640166
1 0.8431531531531531 0.5017573221757322 0.3136936936936937 0.9959832635983263
7 0.6683693693693693 0.6010774058577406 0.027279279279279256 0.05115062761506286
0 0.3651261261261261 0.7015690376569038 0.02603603603603607 0.032217573221757397
0 0.6140990990990992 0.7005439330543933 0.01027027027027025 0.01924686192468617
0 0.6455810810810811 0.7053451882845188 0.015342342342342318 0.030104602510460342
0 0.11303153153153153 0.698797071129707 0.06318018018018018 0.06922594142259408
0 0.02604054054054054 0.6959309623430961 0.05208108108108108 0.09767782426778242
0 0.42818918918918913 0.694560669456067 0.016126126126126156 0.02656903765690386
0 0.5974774774774775 0.7020083682008368 0.00837837837837844 0.016736401673640166
