1 0.11171171171171171 0.6788493723849373 0.03297297297297298 0.06740585774058583
0 0.5429279279279279 0.7182008368200836 0.04351351351351347 0.06234309623430965
0 0.4455315315315315 0.6967782426778243 0.02945945945945945 0.046443514644351556
1 0.14614864864864868 0.6699267782426779 0.052387387387387394 0.10056485355648534
0 0.3488288288288288 0.7002092050209204 0.02126126126126128 0.03640167364016732
0 0.45351351351351354 0.7089958158995815 0.0410810810810811 0.07280334728033475
0 0.25726126126126125 0.6686610878661088 0.013801801801801846 0.021004184100418336
0 0.2965765765765766 0.6807322175732218 0.017297297297297287 0.02598326359832639
0 0.33528378378378376 0.6844142259414225 0.015612612612612597 0.02447698744769872
16 0.03443243243243243 0.785836820083682 0.007783783783783784 0.13627615062761503
1 0.19518018018018019 0.667928870292887 0.03090090090090091 0.09096234309623434
0 0.8652162162162162 0.7643305439330544 0.1886306306306305 0.22280334728033474
1 0.11171171171171171 0.6788493723849373 0.03297297297297298 0.06740585774058583
0 0.5429279279279279 0.7182008368200836 0.04351351351351347 0.06234309623430965
0 0.4455315315315315 0.6967782426778243 0.02945945945945945 0.046443514644351556
1 0.14614864864864868 0.6699267782426779 0.052387387387387394 0.10056485355648534
0 0.3488288288288288 0.7002092050209204 0.02126126126126128 0.03640167364016732
0 0.45351351351351354 0.7089958158995815 0.0410810810810811 0.07280334728033475
0 0.25726126126126125 0.6686610878661088 0.013801801801801846 0.021004184100418336
0 0.2965765765765766 0.6807322175732218 0.017297297297297287 0.02598326359832639
0 0.33528378378378376 0.6844142259414225 0.015612612612612597 0.02447698744769872
16 0.03443243243243243 0.785836820083682 0.007783783783783784 0.13627615062761503
1 0.19518018018018019 0.667928870292887 0.03090090090090091 0.09096234309623434
0 0.8652162162162162 0.7643305439330544 0.1886306306306305 0.22280334728033474
