0 0.31133181126331816 0.5701639344262295 0.015053272450532748 0.03353629976580794
15 0.4544520547945206 0.5373536299765808 0.06856925418569255 0.1252927400468384
1 0.08765220700152207 0.5365339578454332 0.0793683409436834 0.12412177985948478
1 0.13866438356164382 0.5412177985948479 0.029840182648401832 0.08056206088992976
1 0.03220319634703196 0.5427868852459016 0.06440639269406392 0.12412177985948471
0 0.31133181126331816 0.5701639344262295 0.015053272450532748 0.03353629976580794
15 0.4544520547945206 0.5373536299765808 0.06856925418569255 0.1252927400468384
1 0.08765220700152207 0.5365339578454332 0.0793683409436834 0.12412177985948478
1 0.13866438356164382 0.5412177985948479 0.029840182648401832 0.08056206088992976
1 0.03220319634703196 0.5427868852459016 0.06440639269406392 0.12412177985948471
