0 0.9765826245443499 0.7331818181818182 0.03807411907654926 0.03219435736677119
8 0.7333232077764278 0.8277351097178683 0.007727825030376687 0.026912225705329088
1 0.47934690157958687 0.6911285266457681 0.1013912515188336 0.06648902821316607
8 0.9690674362089915 0.7901332288401254 0.010115431348724235 0.02108150470219434
8 0.9286695018226003 0.7465047021943574 0.009975698663426395 0.01576802507836991
8 0.7333232077764278 0.8277351097178683 0.007727825030376687 0.026912225705329088
8 0.9690674362089915 0.7901332288401254 0.010115431348724235 0.02108150470219434
8 0.9286695018226003 0.7465047021943574 0.009975698663426395 0.01576802507836991
0 0.48050121506682864 0.7564263322884013 0.03587484811664639 0.03094043887147337
0 0.7188396111786148 0.7070297805642634 0.029513973268529725 0.023746081504702247
1 0.6345382746051033 0.6953840125391849 0.10513973268529772 0.06885579937304076
0 0.7190583232077765 0.7070297805642634 0.02995139732685295 0.023746081504702247
1 0.47934690157958687 0.6911285266457681 0.1013912515188336 0.06648902821316607
1 0.6345382746051033 0.6953840125391849 0.10513973268529772 0.06885579937304076
1 0.15534021871202916 0.5502978056426333 0.0318955042527339 0.1075862068965518
0 0.48050121506682864 0.7564263322884013 0.03587484811664639 0.03094043887147337
0 0.9765826245443499 0.7317946708463949 0.03807411907654926 0.03496865203761756
0 0.9765826245443499 0.7331818181818182 0.03807411907654926 0.03219435736677119
8 0.7333232077764278 0.8277351097178683 0.007727825030376687 0.026912225705329088
1 0.47934690157958687 0.6911285266457681 0.1013912515188336 0.06648902821316607
8 0.9690674362089915 0.7901332288401254 0.010115431348724235 0.02108150470219434
8 0.9286695018226003 0.7465047021943574 0.009975698663426395 0.01576802507836991
8 0.7333232077764278 0.8277351097178683 0.007727825030376687 0.026912225705329088
8 0.9690674362089915 0.7901332288401254 0.010115431348724235 0.02108150470219434
8 0.9286695018226003 0.7465047021943574 0.009975698663426395 0.01576802507836991
0 0.48050121506682864 0.7564263322884013 0.03587484811664639 0.03094043887147337
0 0.7188396111786148 0.7070297805642634 0.029513973268529725 0.023746081504702247
1 0.6345382746051033 0.6953840125391849 0.10513973268529772 0.06885579937304076
0 0.7190583232077765 0.7070297805642634 0.02995139732685295 0.023746081504702247
1 0.47934690157958687 0.6911285266457681 0.1013912515188336 0.06648902821316607
1 0.6345382746051033 0.6953840125391849 0.10513973268529772 0.06885579937304076
1 0.15534021871202916 0.5502978056426333 0.0318955042527339 0.1075862068965518
0 0.48050121506682864 0.7564263322884013 0.03587484811664639 0.03094043887147337
0 0.9765826245443499 0.7317946708463949 0.03807411907654926 0.03496865203761756
