0 0.4867557715674362 0.5718652037617555 0.04058323207776432 0.03526645768025078
0 0.5020868772782503 0.5751097178683385 0.03969015795868775 0.037554858934169245
0 0.2613122721749696 0.5911442006269592 0.023304981773997577 0.04874608150470214
0 0.6725607533414338 0.6577899686520375 0.13118469015795867 0.1104388714733542
0 0.9222752126366951 0.7458777429467085 0.1554495747266099 0.19789968652037615
0 0.4867557715674362 0.5718652037617555 0.04058323207776432 0.03526645768025078
0 0.5020868772782503 0.5751097178683385 0.03969015795868775 0.037554858934169245
0 0.2613122721749696 0.5911442006269592 0.023304981773997577 0.04874608150470214
0 0.6725607533414338 0.6577899686520375 0.13118469015795867 0.1104388714733542
0 0.9222752126366951 0.7458777429467085 0.1554495747266099 0.19789968652037615
