3 0.2329404617253949 0.5637068965517241 0.030157958687727818 0.11205329153605018
0 0.6006682867557716 0.6070532915360501 0.07582017010935599 0.061128526645768025
0 0.2908505467800729 0.9467633228840127 0.20752126366950183 0.10647335423197485
0 0.6471537059538274 0.6162225705329153 0.08726002430133657 0.07068965517241374
20 0.8292223572296477 0.5480407523510972 0.0539489671931956 0.2029780564263323
0 0.17879708383961118 0.6015987460815047 0.027703523693803172 0.05949843260188094
0 0.08511543134872418 0.6255485893416928 0.0718104495747266 0.06677115987460809
3 0.2329404617253949 0.5637068965517241 0.030157958687727818 0.11205329153605018
0 0.6006682867557716 0.6070532915360501 0.07582017010935599 0.061128526645768025
0 0.2908505467800729 0.9467633228840127 0.20752126366950183 0.10647335423197485
0 0.6471537059538274 0.6162225705329153 0.08726002430133657 0.07068965517241374
20 0.8292223572296477 0.5480407523510972 0.0539489671931956 0.2029780564263323
0 0.17879708383961118 0.6015987460815047 0.027703523693803172 0.05949843260188094
0 0.08511543134872418 0.6255485893416928 0.0718104495747266 0.06677115987460809
