0 0.03750303766707169 0.20926332288401253 0.011871202916160388 0.02379310344827585
0 0.4417588092345079 0.3175783699059561 0.08063791008505469 0.07017241379310346
0 0.44965674362089914 0.7052742946708463 0.18647023086269748 0.27847962382445135
1 0.08815917375455651 0.1895062695924765 0.015176184690157952 0.04920062695924765
1 0.22740583232077768 0.6198275862068965 0.2545686512758202 0.7603448275862069
0 0.9117800729040098 0.27367554858934173 0.06708383961117866 0.06173981191222573
20 0.49169805589307414 0.3604467084639498 0.021306196840826276 0.11860501567398121
5 0.49616646415552856 0.1728605015673981 0.032952612393681587 0.08155172413793106
0 0.7415279465370594 0.27722570532915364 0.05947144592952618 0.06341692789968653
3 0.11422235722964763 0.19449843260188088 0.014896719319562582 0.0467398119122257
0 0.08760328068043742 0.22474137931034482 0.01397934386391251 0.030141065830720987
0 0.16000911300121506 0.22730407523510968 0.015801944106925876 0.03285266457680252
0 0.07708383961117861 0.26522727272727276 0.023475091130012143 0.051990595611285294
0 0.02893074119076549 0.35753134796238245 0.05786148238153098 0.08211598746081507
0 0.9750941676792224 0.2729075235109718 0.049811664641555294 0.06173981191222573
