0 0.14762758201701093 0.642923197492163 0.08421020656136088 0.08484326018808777
0 0.9271597812879708 0.600423197492163 0.08772174969623321 0.06937304075235108
0 0.22443499392466584 0.6347335423197493 0.10034021871202918 0.1070846394984326
0 0.2771658566221142 0.8738479623824451 0.16684690157958687 0.2523040752351098
2 0.22273693803159172 0.5493260188087775 0.013760631834750897 0.041285266457680214
2 0.3615674362089915 0.6438793103448275 0.07334143377885785 0.13512539184952974
1 0.18784021871202916 0.5596394984326019 0.029143377885783736 0.0873040752351097
1 0.11174665856622114 0.5577664576802508 0.07492709599027947 0.15876175548589344
0 0.6212332928311057 0.8691222570532915 0.29216281895504254 0.2617554858934169
2 0.7924270959902795 0.5886128526645767 0.19205953827460517 0.16782131661442004
0 0.17294653705953825 0.5988244514106582 0.027618469015795857 0.05219435736677118
0 0.9335479951397326 0.6283150470219436 0.10787363304981784 0.08130094043887148
0 0.14762758201701093 0.642923197492163 0.08421020656136088 0.08484326018808777
0 0.9271597812879708 0.600423197492163 0.08772174969623321 0.06937304075235108
0 0.22443499392466584 0.6347335423197493 0.10034021871202918 0.1070846394984326
0 0.2771658566221142 0.8738479623824451 0.16684690157958687 0.2523040752351098
2 0.22273693803159172 0.5493260188087775 0.013760631834750897 0.041285266457680214
2 0.3615674362089915 0.6438793103448275 0.07334143377885785 0.13512539184952974
1 0.18784021871202916 0.5596394984326019 0.029143377885783736 0.0873040752351097
1 0.11174665856622114 0.5577664576802508 0.07492709599027947 0.15876175548589344
0 0.6212332928311057 0.8691222570532915 0.29216281895504254 0.2617554858934169
2 0.7924270959902795 0.5886128526645767 0.19205953827460517 0.16782131661442004
0 0.17294653705953825 0.5988244514106582 0.027618469015795857 0.05219435736677118
0 0.9335479951397326 0.6283150470219436 0.10787363304981784 0.08130094043887148
