0 0.3930255164034022 0.6041222570532916 0.05445929526123936 0.05821316614420061
0 0.736512758201701 0.1826959247648903 0.04860267314702309 0.10614420062695923
0 0.807411907654921 0.9564811912225706 0.38517618469015796 0.08703761755485889
0 0.3602490886998785 0.619373040752351 0.07712029161603892 0.06909090909090906
20 0.835996354799514 0.5464733542319749 0.05352369380315912 0.20485893416927897
1 0.19852673147023084 0.5422257053291536 0.008304981773997579 0.024545454545454495
0 0.7477642770352371 0.2926959247648903 0.05749696233292837 0.06758620689655173
0 0.18287363304981774 0.5846394984326019 0.021275820170109344 0.04231974921630094
0 0.6608535844471447 0.6084639498432601 0.07942284325637917 0.060501567398119155
0 0.3930255164034022 0.6041222570532916 0.05445929526123936 0.05821316614420061
0 0.736512758201701 0.1826959247648903 0.04860267314702309 0.10614420062695923
0 0.807411907654921 0.9564811912225706 0.38517618469015796 0.08703761755485889
0 0.3602490886998785 0.619373040752351 0.07712029161603892 0.06909090909090906
20 0.835996354799514 0.5464733542319749 0.05352369380315912 0.20485893416927897
1 0.19852673147023084 0.5422257053291536 0.008304981773997579 0.024545454545454495
0 0.7477642770352371 0.2926959247648903 0.05749696233292837 0.06758620689655173
0 0.18287363304981774 0.5846394984326019 0.021275820170109344 0.04231974921630094
0 0.6608535844471447 0.6084639498432601 0.07942284325637917 0.060501567398119155
