1 0.19236938031591735 0.5558620689655173 0.02332928311057107 0.07335423197492165
20 0.8486026731470231 0.5466144200626959 0.057715674362089915 0.21476489028213164
0 0.3004647630619684 0.6121551724137931 0.08606925880923448 0.08405956112852664
0 0.18240886998784933 0.5827272727272726 0.022023086269744835 0.044420062695924724
0 0.2271202916160389 0.568126959247649 0.013074119076549234 0.02869905956112853
2 0.11801944106925881 0.588166144200627 0.1363791008505468 0.1536050156739812
2 0.7941160388821386 0.57923197492163 0.13732077764277048 0.14567398119122257
0 0.21987545565006072 0.6253605015673982 0.08693195625759416 0.07699059561128527
1 0.19236938031591735 0.5558620689655173 0.02332928311057107 0.07335423197492165
20 0.8486026731470231 0.5466144200626959 0.057715674362089915 0.21476489028213164
0 0.3004647630619684 0.6121551724137931 0.08606925880923448 0.08405956112852664
0 0.18240886998784933 0.5827272727272726 0.022023086269744835 0.044420062695924724
0 0.2271202916160389 0.568126959247649 0.013074119076549234 0.02869905956112853
2 0.11801944106925881 0.588166144200627 0.1363791008505468 0.1536050156739812
2 0.7941160388821386 0.57923197492163 0.13732077764277048 0.14567398119122257
0 0.21987545565006072 0.6253605015673982 0.08693195625759416 0.07699059561128527
