0 0.22891251518833533 0.6496473354231975 0.11191980558930739 0.12029780564263323
0 0.7424453219927096 0.30932601880877747 0.044902794653706 0.0561755485893417
2 0.21823207776427705 0.5478996865203761 0.009283110571081428 0.02733542319749216
1 0.19116038882138517 0.5643260188087774 0.030680437424058325 0.09078369905956116
0 0.17362393681652488 0.6075940438871473 0.029422843256379106 0.0534326018808777
2 0.308857837181045 0.5992789968652038 0.03489671931956258 0.07630094043887148
1 0.055862697448359665 0.5811520376175549 0.11172539489671933 0.29898119122257055
0 0.7030710814094776 0.6255877742946708 0.11619076549210207 0.10089341692789969
0 0.18734811664641554 0.648487460815047 0.08168286755771569 0.08568965517241382
2 0.8635176184690158 0.5976489028213167 0.2218104495747267 0.18714733542319745
0 0.9760905224787363 0.6091144200626959 0.04781895504252736 0.07694357366771165
0 0.16093560145808017 0.562460815047022 0.010498177399757004 0.020783699059561116
0 0.9788912515188336 0.6430877742946709 0.042217496962332936 0.0899373040752351
0 0.18669805589307412 0.5957366771159875 0.023007290400972057 0.04266457680250779
0 0.540546780072904 0.8277194357366772 0.203232077764277 0.2566927899686521
0 0.2941767922235723 0.9346394984326019 0.21128189550425275 0.1307210031347962
0 0.22891251518833533 0.6496473354231975 0.11191980558930739 0.12029780564263323
0 0.7424453219927096 0.30932601880877747 0.044902794653706 0.0561755485893417
2 0.21823207776427705 0.5478996865203761 0.009283110571081428 0.02733542319749216
1 0.19116038882138517 0.5643260188087774 0.030680437424058325 0.09078369905956116
0 0.17362393681652488 0.6075940438871473 0.029422843256379106 0.0534326018808777
2 0.308857837181045 0.5992789968652038 0.03489671931956258 0.07630094043887148
1 0.055862697448359665 0.5811520376175549 0.11172539489671933 0.29898119122257055
0 0.7030710814094776 0.6255877742946708 0.11619076549210207 0.10089341692789969
0 0.18734811664641554 0.648487460815047 0.08168286755771569 0.08568965517241382
2 0.8635176184690158 0.5976489028213167 0.2218104495747267 0.18714733542319745
0 0.9760905224787363 0.6091144200626959 0.04781895504252736 0.07694357366771165
0 0.16093560145808017 0.562460815047022 0.010498177399757004 0.020783699059561116
0 0.9788912515188336 0.6430877742946709 0.042217496962332936 0.0899373040752351
0 0.18669805589307412 0.5957366771159875 0.023007290400972057 0.04266457680250779
0 0.540546780072904 0.8277194357366772 0.203232077764277 0.2566927899686521
0 0.2941767922235723 0.9346394984326019 0.21128189550425275 0.1307210031347962
