11 0.46360874848116645 0.5064890282131661 0.008201701093560146 0.021630094043887164
6 0.6011452004860267 0.5447884012539185 0.06543742405832316 0.16277429467084642
11 0.35854191980558936 0.5380721003134796 0.007047387606318361 0.018808777429467086
1 0.11408566221142162 0.5415673981191222 0.05136695018226003 0.03235109717868336
1 0.07403098420413123 0.5454545454545454 0.03949574726609965 0.06551724137931027
8 0.2200303766707169 0.5647805642633229 0.008201701093560146 0.021630094043887164
11 0.13429526123936816 0.5333855799373041 0.007108140947752137 0.017868338557993694
11 0.22007897934386392 0.5429467084639498 0.008201701093560146 0.021630094043887164
8 0.4250972053462941 0.5365987460815047 0.007885783718104507 0.017398119122257
8 0.3475789793438639 0.5771081504702195 0.006543134872417972 0.015376175548589345
4 0.3478432563791008 0.5592476489028212 0.005893074119076508 0.017554858934169262
11 0.46360874848116645 0.5064890282131661 0.008201701093560146 0.021630094043887164
6 0.6011452004860267 0.5447884012539185 0.06543742405832316 0.16277429467084642
11 0.35854191980558936 0.5380721003134796 0.007047387606318361 0.018808777429467086
1 0.11408566221142162 0.5415673981191222 0.05136695018226003 0.03235109717868336
1 0.07403098420413123 0.5454545454545454 0.03949574726609965 0.06551724137931027
8 0.2200303766707169 0.5647805642633229 0.008201701093560146 0.021630094043887164
11 0.13429526123936816 0.5333855799373041 0.007108140947752137 0.017868338557993694
11 0.22007897934386392 0.5429467084639498 0.008201701093560146 0.021630094043887164
8 0.4250972053462941 0.5365987460815047 0.007885783718104507 0.017398119122257
8 0.3475789793438639 0.5771081504702195 0.006543134872417972 0.015376175548589345
4 0.3478432563791008 0.5592476489028212 0.005893074119076508 0.017554858934169262
