1 0.33095382746051033 0.5482680250783699 0.046111786148238174 0.08152037617554858
16 0.39958383961117866 0.6088009404388715 0.0028979343863912406 0.03358934169278998
16 0.038238153098420415 0.7064184952978056 0.006245443499392467 0.08054858934169278
7 0.5205407047387606 0.5469905956112853 0.0768043742405832 0.2538557993730407
0 0.2191980558930741 0.6064263322884013 0.03754556500607534 0.05956112852664577
16 0.24627885783718104 0.6028213166144201 0.002825030376670703 0.031034482758620707
16 0.44311360874848116 0.7442163009404389 0.008693803159173721 0.09554858934169284
0 0.5815309842041312 0.7132601880877742 0.17302551640340216 0.16470219435736683
6 0.3934356014580802 0.5388166144200627 0.007041312272174989 0.017758620689655148
1 0.33095382746051033 0.5482680250783699 0.046111786148238174 0.08152037617554858
16 0.39958383961117866 0.6088009404388715 0.0028979343863912406 0.03358934169278998
16 0.038238153098420415 0.7064184952978056 0.006245443499392467 0.08054858934169278
7 0.5205407047387606 0.5469905956112853 0.0768043742405832 0.2538557993730407
0 0.2191980558930741 0.6064263322884013 0.03754556500607534 0.05956112852664577
16 0.24627885783718104 0.6028213166144201 0.002825030376670703 0.031034482758620707
16 0.44311360874848116 0.7442163009404389 0.008693803159173721 0.09554858934169284
0 0.5815309842041312 0.7132601880877742 0.17302551640340216 0.16470219435736683
6 0.3934356014580802 0.5388166144200627 0.007041312272174989 0.017758620689655148
