0 0.5687120291616038 0.6169122257053291 0.09441069258809233 0.07269592476489027
0 0.28244228432563795 0.6101880877742947 0.08116646415552857 0.06802507836990591
3 0.2933080194410692 0.5567398119122257 0.08823207776427701 0.09811912225705333
1 0.2026063183475091 0.5481504702194357 0.08613608748481165 0.10445141065830728
0 0.03900364520048603 0.668730407523511 0.06731470230862698 0.11238244514106581
4 0.7074848116646415 0.6029310344827586 0.018493317132442316 0.036269592476489004
0 0.37000303766707165 0.6224137931034484 0.0821688942891859 0.09247648902821316
0 0.5687120291616038 0.6169122257053291 0.09441069258809233 0.07269592476489027
0 0.28244228432563795 0.6101880877742947 0.08116646415552857 0.06802507836990591
3 0.2933080194410692 0.5567398119122257 0.08823207776427701 0.09811912225705333
1 0.2026063183475091 0.5481504702194357 0.08613608748481165 0.10445141065830728
0 0.03900364520048603 0.668730407523511 0.06731470230862698 0.11238244514106581
4 0.7074848116646415 0.6029310344827586 0.018493317132442316 0.036269592476489004
0 0.37000303766707165 0.6224137931034484 0.0821688942891859 0.09247648902821316
