0 0.20930741190765492 0.6934952978056426 0.008019441069258802 0.01473354231974918
1 0.25481166464155525 0.6989263322884013 0.05701093560145806 0.21446708463949848
0 0.1253857837181045 0.8055642633228841 0.07130619684082624 0.12899686520376177
1 0.8739793438639126 0.6859561128526646 0.21043742405832314 0.10576802507836994
0 0.21948359659781286 0.695846394984326 0.007594167679222357 0.01661442006269596
0 0.20659477521263667 0.7119592476489028 0.015607533414337788 0.03050156739811909
16 0.1464580801944107 0.7375470219435737 0.0027339003645200487 0.035438871473354255
16 0.41374240583232075 0.8608620689655173 0.006439854191980573 0.08354231974921623
3 0.42015492102065616 0.6880799373040752 0.03429526123936812 0.059231974921630036
0 0.33738456865127586 0.7143181818181819 0.030176184690157933 0.031144200626959256
0 0.19022782503037666 0.7277664576802508 0.024319562575941662 0.0527115987460815
0 0.20930741190765492 0.6934952978056426 0.008019441069258802 0.01473354231974918
1 0.25481166464155525 0.6989263322884013 0.05701093560145806 0.21446708463949848
0 0.1253857837181045 0.8055642633228841 0.07130619684082624 0.12899686520376177
1 0.8739793438639126 0.6859561128526646 0.21043742405832314 0.10576802507836994
0 0.21948359659781286 0.695846394984326 0.007594167679222357 0.01661442006269596
0 0.20659477521263667 0.7119592476489028 0.015607533414337788 0.03050156739811909
16 0.1464580801944107 0.7375470219435737 0.0027339003645200487 0.035438871473354255
16 0.41374240583232075 0.8608620689655173 0.006439854191980573 0.08354231974921623
3 0.42015492102065616 0.6880799373040752 0.03429526123936812 0.059231974921630036
0 0.33738456865127586 0.7143181818181819 0.030176184690157933 0.031144200626959256
0 0.19022782503037666 0.7277664576802508 0.024319562575941662 0.0527115987460815
