1 0.35349635479951397 0.6934012539184953 0.09501215066828671 0.08711598746081502
3 0.45853280680437425 0.7210815047021943 0.1755103280680438 0.20047021943573665
1 0.6546992709599028 0.700987460815047 0.2601397326852977 0.1708150470219436
0 0.9560753341433779 0.7705015673981191 0.07144592952612389 0.07413793103448278
1 0.3215157958687728 0.6914733542319749 0.08503645200486028 0.08322884012539179
1 0.35349635479951397 0.6934012539184953 0.09501215066828671 0.08711598746081502
3 0.45853280680437425 0.7210815047021943 0.1755103280680438 0.20047021943573665
1 0.6546992709599028 0.700987460815047 0.2601397326852977 0.1708150470219436
0 0.9560753341433779 0.7705015673981191 0.07144592952612389 0.07413793103448278
1 0.3215157958687728 0.6914733542319749 0.08503645200486028 0.08322884012539179
