0 0.3569501822600243 0.639255485893417 0.07664641555285538 0.08597178683385574
2 0.1580589307411908 0.5658072100313479 0.019447144592952624 0.0393573667711599
1 0.680555893074119 0.6004231974921631 0.5672600243013365 0.5434796238244515
0 0.19586269744835966 0.5904780564263323 0.025018226002430137 0.042899686520376186
0 0.07868772782503038 0.5572884012539185 0.00789793438639126 0.021316614420062732
0 0.2987120291616039 0.6207523510971786 0.04928311057108141 0.07137931034482761
0 0.3569501822600243 0.639255485893417 0.07664641555285538 0.08597178683385574
2 0.1580589307411908 0.5658072100313479 0.019447144592952624 0.0393573667711599
1 0.680555893074119 0.6004231974921631 0.5672600243013365 0.5434796238244515
0 0.19586269744835966 0.5904780564263323 0.025018226002430137 0.042899686520376186
0 0.07868772782503038 0.5572884012539185 0.00789793438639126 0.021316614420062732
0 0.2987120291616039 0.6207523510971786 0.04928311057108141 0.07137931034482761
