0 0.2347691373025516 0.5674764890282131 0.010510328068043749 0.02006269592476491
21 0.1087393681652491 0.729514106583072 0.04052855407047388 0.04554858934169279
0 0.1756014580801944 0.5947805642633229 0.025273390036451984 0.04686520376175554
2 0.06238153098420413 0.6918495297805644 0.11565006075334144 0.2650470219435737
0 0.2345321992709599 0.5902351097178683 0.01713244228432563 0.03746081504702191
1 0.18986634264884567 0.5784012539184953 0.021773997569866328 0.04796238244514101
0 0.7270352369380315 0.17578369905956115 0.053061968408262404 0.13927899686520379
0 0.2347691373025516 0.5674764890282131 0.010510328068043749 0.02006269592476491
21 0.1087393681652491 0.729514106583072 0.04052855407047388 0.04554858934169279
0 0.1756014580801944 0.5947805642633229 0.025273390036451984 0.04686520376175554
2 0.06238153098420413 0.6918495297805644 0.11565006075334144 0.2650470219435737
0 0.2345321992709599 0.5902351097178683 0.01713244228432563 0.03746081504702191
1 0.18986634264884567 0.5784012539184953 0.021773997569866328 0.04796238244514101
0 0.7270352369380315 0.17578369905956115 0.053061968408262404 0.13927899686520379
