0 0.1968985419198056 0.5748432601880877 0.016287970838396112 0.03244514106583079
9 0.2663031591737546 0.5573040752351097 0.007855407047387611 0.01661442006269596
11 0.2662089914945322 0.537358934169279 0.007679222357229639 0.01807210031347967
1 0.1390097205346294 0.5450626959247649 0.04251518833535846 0.07100313479623817
1 0.2294258809234508 0.5418730407523511 0.03883961117861483 0.04446708463949844
1 0.21782503037667073 0.5575548589341693 0.020121506682867562 0.0350470219435736
0 0.1968985419198056 0.5748432601880877 0.016287970838396112 0.03244514106583079
9 0.2663031591737546 0.5573040752351097 0.007855407047387611 0.01661442006269596
11 0.2662089914945322 0.537358934169279 0.007679222357229639 0.01807210031347967
1 0.1390097205346294 0.5450626959247649 0.04251518833535846 0.07100313479623817
1 0.2294258809234508 0.5418730407523511 0.03883961117861483 0.04446708463949844
1 0.21782503037667073 0.5575548589341693 0.020121506682867562 0.0350470219435736
