2 0.25111178614823815 0.558628526645768 0.01345078979343863 0.031677115987460785
0 0.23775820170109357 0.5710815047021944 0.016099635479951396 0.03495297805642635
1 0.30772782503037666 0.5394514106583073 0.020959902794653706 0.02570532915360498
1 0.3447144592952613 0.544435736677116 0.015552855407047402 0.05815047021943568
1 0.08408262454434995 0.5425548589341692 0.03851761846901579 0.04561128526645763
3 0.18699878493317132 0.5416144200626959 0.02253948967193197 0.030877742946708447
1 0.03060753341433779 0.5432601880877743 0.043888213851761844 0.06144200626959246
2 0.1261846901579587 0.5498432601880878 0.02199270959902796 0.026018808777429504
2 0.25111178614823815 0.558628526645768 0.01345078979343863 0.031677115987460785
0 0.23775820170109357 0.5710815047021944 0.016099635479951396 0.03495297805642635
1 0.30772782503037666 0.5394514106583073 0.020959902794653706 0.02570532915360498
1 0.3447144592952613 0.544435736677116 0.015552855407047402 0.05815047021943568
1 0.08408262454434995 0.5425548589341692 0.03851761846901579 0.04561128526645763
3 0.18699878493317132 0.5416144200626959 0.02253948967193197 0.030877742946708447
1 0.03060753341433779 0.5432601880877743 0.043888213851761844 0.06144200626959246
2 0.1261846901579587 0.5498432601880878 0.02199270959902796 0.026018808777429504
