1 0.36399149453219926 0.5376097178683386 0.06972053462940461 0.04807210031347956
2 0.44354799513973264 0.5553996865203762 0.031859052247873595 0.03637931034482755
1 0.198456865127582 0.5372492163009405 0.017326852976913755 0.05578369905956109
1 0.41223876063183473 0.5386206896551724 0.07489064398541918 0.05191222570532916
1 0.11352673147023087 0.5562304075235109 0.11841433778857836 0.19070532915360494
7 0.7156136087484812 0.5320376175548589 0.014520048602673065 0.009717868338558065
7 0.629678007290401 0.5304388714733542 0.013669501822600244 0.008526645768025075
1 0.18427399756986634 0.5319278996865204 0.01807411907654921 0.038934169278996913
0 0.03532199270959903 0.558510971786834 0.04199270959902795 0.04043887147335425
8 0.503505467800729 0.5299764890282131 0.008335358444714476 0.01841692789968652
0 0.6225182260024301 0.5770532915360501 0.03795261239368174 0.04034482758620682
1 0.36399149453219926 0.5376097178683386 0.06972053462940461 0.04807210031347956
2 0.44354799513973264 0.5553996865203762 0.031859052247873595 0.03637931034482755
1 0.198456865127582 0.5372492163009405 0.017326852976913755 0.05578369905956109
1 0.41223876063183473 0.5386206896551724 0.07489064398541918 0.05191222570532916
1 0.11352673147023087 0.5562304075235109 0.11841433778857836 0.19070532915360494
7 0.7156136087484812 0.5320376175548589 0.014520048602673065 0.009717868338558065
7 0.629678007290401 0.5304388714733542 0.013669501822600244 0.008526645768025075
1 0.18427399756986634 0.5319278996865204 0.01807411907654921 0.038934169278996913
0 0.03532199270959903 0.558510971786834 0.04199270959902795 0.04043887147335425
8 0.503505467800729 0.5299764890282131 0.008335358444714476 0.01841692789968652
0 0.6225182260024301 0.5770532915360501 0.03795261239368174 0.04034482758620682
