0 0.12806804374240585 0.5507210031347962 0.01111786148238152 0.01379310344827588
2 0.15962940461725394 0.54576802507837 0.01488456865127582 0.027115987460815064
0 0.29311968408262457 0.5969435736677117 0.026336573511543115 0.0493730407523511
0 0.15256379100850548 0.5703448275862069 0.017071688942891874 0.028808777429467077
0 0.26699878493317136 0.5810344827586208 0.022989064398541904 0.03949843260188086
11 0.28502430133657347 0.5325783699059562 0.011603888213851742 0.03565830721003135
0 0.11555285540704738 0.5595768025078369 0.01172539489671931 0.017084639498432565
0 0.25860267314702307 0.5786050156739811 0.020170109356014574 0.03401253918495296
1 0.18069562575941678 0.5358228840125392 0.029921020656136086 0.1478840125391849
0 0.12806804374240585 0.5507210031347962 0.01111786148238152 0.01379310344827588
2 0.15962940461725394 0.54576802507837 0.01488456865127582 0.027115987460815064
0 0.29311968408262457 0.5969435736677117 0.026336573511543115 0.0493730407523511
0 0.15256379100850548 0.5703448275862069 0.017071688942891874 0.028808777429467077
0 0.26699878493317136 0.5810344827586208 0.022989064398541904 0.03949843260188086
11 0.28502430133657347 0.5325783699059562 0.011603888213851742 0.03565830721003135
0 0.11555285540704738 0.5595768025078369 0.01172539489671931 0.017084639498432565
0 0.25860267314702307 0.5786050156739811 0.020170109356014574 0.03401253918495296
1 0.18069562575941678 0.5358228840125392 0.029921020656136086 0.1478840125391849
