0 0.8018560145808019 0.6497257053291535 0.09865735115431341 0.11221003134796234
19 0.3473298906439854 0.16775862068965516 0.01803766707168891 0.10040752351097179
1 0.5860571081409478 0.6926332288401253 0.499453219927096 0.6147335423197492
0 0.25206561360874846 0.6668495297805642 0.06306196840826246 0.08479623824451414
0 0.25677399756986635 0.8086206896551724 0.11597812879708386 0.2554858934169279
0 0.8018560145808019 0.6497257053291535 0.09865735115431341 0.11221003134796234
19 0.3473298906439854 0.16775862068965516 0.01803766707168891 0.10040752351097179
1 0.5860571081409478 0.6926332288401253 0.499453219927096 0.6147335423197492
0 0.25206561360874846 0.6668495297805642 0.06306196840826246 0.08479623824451414
0 0.25677399756986635 0.8086206896551724 0.11597812879708386 0.2554858934169279
