11 0.8889732685297691 0.5325078369905957 0.0076549210206560804 0.04310344827586207
11 0.8862059538274605 0.5790595611285266 0.006871202916160356 0.040595611285266425
18 0.47162818955042524 0.5007836990595611 0.010571081409477507 0.07147335423197496
5 0.4726913730255164 0.4278996865203762 0.021810449574726595 0.048589341692789965
18 0.34777339003645197 0.16627742946708465 0.0125941676792223 0.08405956112852667
0 0.3473572296476306 0.6160736677115988 0.03684082624544356 0.0746551724137931
0 0.931865127582017 0.589717868338558 0.03147023086269742 0.039341692789968685
0 0.927900972053463 0.6247021943573667 0.12278857837181052 0.06711598746081512
21 0.44343863912515186 0.8398902821316615 0.1380315917375456 0.17758620689655175
0 0.06282503037667071 0.5679310344827587 0.03828675577156743 0.034733542319749254
0 0.780634872417983 0.6163166144200627 0.10078371810449567 0.09523510971786832
21 0.23554070473876065 0.824294670846395 0.046901579586877275 0.15047021943573669
0 0.3633019441069259 0.6572570532915362 0.05989671931956252 0.10586206896551727
1 0.3167345078979344 0.5533699059561129 0.08074726609963546 0.1333855799373041
3 0.27260631834750915 0.5450783699059562 0.01444714459295263 0.04181818181818183
0 0.4635631834750911 0.7572805642633229 0.14413730255164034 0.19478056426332285
0 0.7726306196840826 0.6518025078369907 0.16190765492102066 0.11833855799373041
0 0.2646719319562576 0.6120532915360501 0.03238153098420414 0.06363636363636367
11 0.8889732685297691 0.5325078369905957 0.0076549210206560804 0.04310344827586207
11 0.8862059538274605 0.5790595611285266 0.006871202916160356 0.040595611285266425
18 0.47162818955042524 0.5007836990595611 0.010571081409477507 0.07147335423197496
5 0.4726913730255164 0.4278996865203762 0.021810449574726595 0.048589341692789965
18 0.34777339003645197 0.16627742946708465 0.0125941676792223 0.08405956112852667
0 0.3473572296476306 0.6160736677115988 0.03684082624544356 0.0746551724137931
0 0.931865127582017 0.589717868338558 0.03147023086269742 0.039341692789968685
0 0.927900972053463 0.6247021943573667 0.12278857837181052 0.06711598746081512
21 0.44343863912515186 0.8398902821316615 0.1380315917375456 0.17758620689655175
0 0.06282503037667071 0.5679310344827587 0.03828675577156743 0.034733542319749254
0 0.780634872417983 0.6163166144200627 0.10078371810449567 0.09523510971786832
21 0.23554070473876065 0.824294670846395 0.046901579586877275 0.15047021943573669
0 0.3633019441069259 0.6572570532915362 0.05989671931956252 0.10586206896551727
1 0.3167345078979344 0.5533699059561129 0.08074726609963546 0.1333855799373041
3 0.27260631834750915 0.5450783699059562 0.01444714459295263 0.04181818181818183
0 0.4635631834750911 0.7572805642633229 0.14413730255164034 0.19478056426332285
0 0.7726306196840826 0.6518025078369907 0.16190765492102066 0.11833855799373041
0 0.2646719319562576 0.6120532915360501 0.03238153098420414 0.06363636363636367
