0 0.17904313487241802 0.5669670846394985 0.016761846901579572 0.03785266457680256
0 0.5090370595382746 0.6285266457680251 0.13368772782503036 0.11724137931034476
1 0.18918590522478734 0.5353134796238244 0.02187120291616039 0.06592476489028214
0 0.17682260024301338 0.6450626959247648 0.04574726609963547 0.09670846394984324
0 0.17464459295261237 0.5882445141065831 0.024222357229647634 0.045454545454545456
0 0.06105710814094775 0.654153605015674 0.0635479951397327 0.11300940438871468
0 0.17904313487241802 0.5669670846394985 0.016761846901579572 0.03785266457680256
0 0.5090370595382746 0.6285266457680251 0.13368772782503036 0.11724137931034476
1 0.18918590522478734 0.5353134796238244 0.02187120291616039 0.06592476489028214
0 0.17682260024301338 0.6450626959247648 0.04574726609963547 0.09670846394984324
0 0.17464459295261237 0.5882445141065831 0.024222357229647634 0.045454545454545456
0 0.06105710814094775 0.654153605015674 0.0635479951397327 0.11300940438871468
