0 0.26854799513973265 0.5619670846394984 0.017654921020656137 0.033652037617554816
0 0.25167071688942894 0.6381661442006269 0.04428918590522477 0.09890282131661436
21 0.04567436208991495 0.8149921630094042 0.05268529769137303 0.0696394984326018
1 0.2859690157958688 0.5327899686520376 0.02600850546780073 0.06833855799373044
0 0.2579222357229648 0.5827115987460815 0.023304981773997577 0.05351097178683383
0 0.26854799513973265 0.5619670846394984 0.017654921020656137 0.033652037617554816
0 0.25167071688942894 0.6381661442006269 0.04428918590522477 0.09890282131661436
21 0.04567436208991495 0.8149921630094042 0.05268529769137303 0.0696394984326018
1 0.2859690157958688 0.5327899686520376 0.02600850546780073 0.06833855799373044
0 0.2579222357229648 0.5827115987460815 0.023304981773997577 0.05351097178683383
