3 0.3455251141552511 0.5305971896955504 0.024931506849315062 0.09805620608899299
7 0.23516362252663622 0.3259016393442623 0.061697108066971075 0.04215456674473068
7 0.3715220700152207 0.42091334894613586 0.054490106544901086 0.028899297423887596
0 0.33730974124809743 0.6329625292740046 0.044863013698630126 0.11318501170960184
0 0.34975266362252666 0.5806206088992973 0.024391171993911727 0.06077283372365337
3 0.3455251141552511 0.5305971896955504 0.024931506849315062 0.09805620608899299
7 0.23516362252663622 0.3259016393442623 0.061697108066971075 0.04215456674473068
7 0.3715220700152207 0.42091334894613586 0.054490106544901086 0.028899297423887596
0 0.33730974124809743 0.6329625292740046 0.044863013698630126 0.11318501170960184
0 0.34975266362252666 0.5806206088992973 0.024391171993911727 0.06077283372365337
