0 0.4103288288288289 0.7327301255230125 0.02109009009009011 0.03215481171548118
1 0.7083333333333334 0.7665062761506276 0.05144144144144136 0.12380753138075315
0 0.37887387387387383 0.7272594142259414 0.0183063063063063 0.030836820083682027
1 0.3832837837837838 0.7015376569037658 0.01716216216216217 0.03985355648535567
0 0.18830630630630632 0.747489539748954 0.026630630630630633 0.042677824267782376
7 0.5805855855855856 0.7244769874476987 0.0481981981981982 0.07112970711297072
0 0.35100000000000003 0.7801778242677825 0.03954954954954953 0.07500000000000005
1 0.2483243243243243 0.7268619246861925 0.041189189189189186 0.06635983263598332
0 0.4103288288288289 0.7327301255230125 0.02109009009009011 0.03215481171548118
1 0.7083333333333334 0.7665062761506276 0.05144144144144136 0.12380753138075315
0 0.37887387387387383 0.7272594142259414 0.0183063063063063 0.030836820083682027
1 0.3832837837837838 0.7015376569037658 0.01716216216216217 0.03985355648535567
0 0.18830630630630632 0.747489539748954 0.026630630630630633 0.042677824267782376
7 0.5805855855855856 0.7244769874476987 0.0481981981981982 0.07112970711297072
0 0.35100000000000003 0.7801778242677825 0.03954954954954953 0.07500000000000005
1 0.2483243243243243 0.7268619246861925 0.041189189189189186 0.06635983263598332
