7 0.4975664408546117 0.41005563282336577 0.025638353309015077 0.024339360222531293
7 0.5623684210526315 0.3006815020862309 0.05692027097446588 0.08931849791376913
0 0.43456487754038564 0.5048331015299027 0.02295987493486194 0.0419332406119611
1 0.23078686816050026 0.4728372739916551 0.09971860343929127 0.12292072322670383
0 0.5297811360083378 0.46970097357440893 0.007347576862949465 0.01700973574408896
0 0.42636529442417925 0.5898400556328234 0.060661803022407486 0.11294853963838662
1 0.3920218863991662 0.4575938803894298 0.03168316831683172 0.04853963838664809
0 0.023329859301719644 0.35940194714881785 0.017894736842105262 0.029763560500695417
0 0.05801198540906723 0.35219054242002784 0.015127670661803023 0.027691237830319883
7 0.5262714955706097 0.40920027816411686 0.01467952058363729 0.023324061196105757
0 0.49092756644085456 0.48216968011126565 0.011683168316831662 0.023504867872044474
7 0.473353309015112 0.3020584144645341 0.10049504950495045 0.08998609179415853
7 0.4975664408546117 0.41005563282336577 0.025638353309015077 0.024339360222531293
7 0.5623684210526315 0.3006815020862309 0.05692027097446588 0.08931849791376913
0 0.43456487754038564 0.5048331015299027 0.02295987493486194 0.0419332406119611
1 0.23078686816050026 0.4728372739916551 0.09971860343929127 0.12292072322670383
0 0.5297811360083378 0.46970097357440893 0.007347576862949465 0.01700973574408896
0 0.42636529442417925 0.5898400556328234 0.060661803022407486 0.11294853963838662
1 0.3920218863991662 0.4575938803894298 0.03168316831683172 0.04853963838664809
0 0.023329859301719644 0.35940194714881785 0.017894736842105262 0.029763560500695417
0 0.05801198540906723 0.35219054242002784 0.015127670661803023 0.027691237830319883
7 0.5262714955706097 0.40920027816411686 0.01467952058363729 0.023324061196105757
0 0.49092756644085456 0.48216968011126565 0.011683168316831662 0.023504867872044474
7 0.473353309015112 0.3020584144645341 0.10049504950495045 0.08998609179415853
