3 0.05893074581430746 0.5814051522248244 0.11786149162861492 0.3027166276346604
0 0.39113394216133945 0.7340281030444965 0.08199391171993917 0.18000000000000002
7 0.3041971080669711 0.42052693208430914 0.030464231354642338 0.04686182669789225
2 0.555658295281583 0.49306791569086655 0.02699391171993914 0.03494145199063229
3 0.4033942161339421 0.5246838407494145 0.02404870624048708 0.07311475409836066
3 0.3761187214611872 0.526288056206089 0.028462709284627075 0.09562060889929738
7 0.3561491628614916 0.3996018735362998 0.0415220700152207 0.05634660421545668
1 0.7117998477929985 0.45289227166276347 0.11032724505327239 0.08035128805620609
7 0.4168074581430745 0.3973653395784544 0.036993911719939127 0.049672131147541
0 0.3868112633181126 0.5833489461358313 0.0258751902587519 0.04421545667447299
0 0.38264459665144596 0.6347775175644028 0.05770928462709288 0.08599531615925064
1 0.27022831050228313 0.5242857142857142 0.04229832572298325 0.1060889929742389
3 0.05893074581430746 0.5814051522248244 0.11786149162861492 0.3027166276346604
0 0.39113394216133945 0.7340281030444965 0.08199391171993917 0.18000000000000002
7 0.3041971080669711 0.42052693208430914 0.030464231354642338 0.04686182669789225
2 0.555658295281583 0.49306791569086655 0.02699391171993914 0.03494145199063229
3 0.4033942161339421 0.5246838407494145 0.02404870624048708 0.07311475409836066
3 0.3761187214611872 0.526288056206089 0.028462709284627075 0.09562060889929738
7 0.3561491628614916 0.3996018735362998 0.0415220700152207 0.05634660421545668
1 0.7117998477929985 0.45289227166276347 0.11032724505327239 0.08035128805620609
7 0.4168074581430745 0.3973653395784544 0.036993911719939127 0.049672131147541
0 0.3868112633181126 0.5833489461358313 0.0258751902587519 0.04421545667447299
0 0.38264459665144596 0.6347775175644028 0.05770928462709288 0.08599531615925064
1 0.27022831050228313 0.5242857142857142 0.04229832572298325 0.1060889929742389
