0 0.40772016675351747 0.5512726008344924 0.01568004168837938 0.03178025034770518
0 0.531018759770714 0.5944923504867872 0.029593538301198583 0.05788595271210015
0 0.36385356956748305 0.5483588317107093 0.01471078686816051 0.026592489568845624
1 0.38214695153725897 0.5234492350486787 0.014278269932256372 0.03421418636995831
0 0.4743694632621157 0.543894297635605 0.013001563314226123 0.024812239221140515
1 0.08467952058363731 0.5609596662030598 0.16935904116727463 0.15977746870653686
1 0.2951094319958312 0.530556328233658 0.05406461698801459 0.07474269819193317
7 0.48366857738405417 0.5146383866481223 0.01526836894215735 0.024047287899860947
0 0.29890828556539867 0.5560570236439499 0.0241844710786868 0.03550764951321276
0 0.40772016675351747 0.5512726008344924 0.01568004168837938 0.03178025034770518
0 0.531018759770714 0.5944923504867872 0.029593538301198583 0.05788595271210015
0 0.36385356956748305 0.5483588317107093 0.01471078686816051 0.026592489568845624
1 0.38214695153725897 0.5234492350486787 0.014278269932256372 0.03421418636995831
0 0.4743694632621157 0.543894297635605 0.013001563314226123 0.024812239221140515
1 0.08467952058363731 0.5609596662030598 0.16935904116727463 0.15977746870653686
1 0.2951094319958312 0.530556328233658 0.05406461698801459 0.07474269819193317
7 0.48366857738405417 0.5146383866481223 0.01526836894215735 0.024047287899860947
0 0.29890828556539867 0.5560570236439499 0.0241844710786868 0.03550764951321276
