0 0.9623084940072955 0.23910987482614746 0.007608129233976101 0.013769123783031996
5 0.5848358520062533 0.5234353268428373 0.004794163626889028 0.011821974965229486
7 0.49124544033350703 0.5179554937413073 0.00974465867639392 0.015577190542420013
0 0.5081813444502346 0.5595271210013908 0.01677957269411148 0.03866481223922116
0 0.4116727462219906 0.5331849791376913 0.006982803543512293 0.01446453407510428
2 0.473225638353309 0.5319819193324061 0.0105054715997916 0.034784422809457566
1 0.38585200625325694 0.525424200278164 0.02037519541427828 0.03899860917941588
0 0.3947681083897863 0.5430806675938804 0.010838978634705612 0.017677329624478415
0 0.9623084940072955 0.23910987482614746 0.007608129233976101 0.013769123783031996
5 0.5848358520062533 0.5234353268428373 0.004794163626889028 0.011821974965229486
7 0.49124544033350703 0.5179554937413073 0.00974465867639392 0.015577190542420013
0 0.5081813444502346 0.5595271210013908 0.01677957269411148 0.03866481223922116
0 0.4116727462219906 0.5331849791376913 0.006982803543512293 0.01446453407510428
2 0.473225638353309 0.5319819193324061 0.0105054715997916 0.034784422809457566
1 0.38585200625325694 0.525424200278164 0.02037519541427828 0.03899860917941588
0 0.3947681083897863 0.5430806675938804 0.010838978634705612 0.017677329624478415
