0 0.36519801980198024 0.5648956884561891 0.012876498176133363 0.019888734353268444
1 0.38645127670661805 0.546682892906815 0.01774882751433035 0.0348400556328233
1 0.2761881188118812 0.5487273991655076 0.06484106305367379 0.0951738525730181
1 0.35011724856696197 0.5488456189151599 0.027384054194893148 0.0502364394993046
0 0.38792079207920793 0.5913212795549374 0.02269932256383536 0.03838664812239216
0 0.31309015112037514 0.5866203059805285 0.025200625325690472 0.037552155771905425
1 0.10033350703491402 0.5868567454798331 0.08548202188639918 0.10139082058414461
0 0.27738405419489315 0.5828650904033379 0.023449713392391842 0.03738525730180806
6 0.6877618551328817 0.5802851182197497 0.024695153725898956 0.0659109874826148
0 0.28942157373632105 0.5929624478442281 0.03026576341844713 0.04389429763560501
13 0.4986503387180824 0.5472183588317107 0.009692548202188652 0.029902642559109873
0 0.4393668577384054 0.5601668984700974 0.007040125065138088 0.01446453407510428
0 0.36519801980198024 0.5648956884561891 0.012876498176133363 0.019888734353268444
1 0.38645127670661805 0.546682892906815 0.01774882751433035 0.0348400556328233
1 0.2761881188118812 0.5487273991655076 0.06484106305367379 0.0951738525730181
1 0.35011724856696197 0.5488456189151599 0.027384054194893148 0.0502364394993046
0 0.38792079207920793 0.5913212795549374 0.02269932256383536 0.03838664812239216
0 0.31309015112037514 0.5866203059805285 0.025200625325690472 0.037552155771905425
1 0.10033350703491402 0.5868567454798331 0.08548202188639918 0.10139082058414461
0 0.27738405419489315 0.5828650904033379 0.023449713392391842 0.03738525730180806
6 0.6877618551328817 0.5802851182197497 0.024695153725898956 0.0659109874826148
0 0.28942157373632105 0.5929624478442281 0.03026576341844713 0.04389429763560501
13 0.4986503387180824 0.5472183588317107 0.009692548202188652 0.029902642559109873
0 0.4393668577384054 0.5601668984700974 0.007040125065138088 0.01446453407510428
