16 0.8343199583116206 0.855681502086231 0.01237102657634185 0.15484005563282327
1 0.19272277227722776 0.5581015299026425 0.07323084940072956 0.12691237830319888
7 0.5528322042730589 0.5622044506258693 0.028780614903595632 0.08986091794158547
16 0.4941167274622199 0.5800208623087622 0.0010317873892652517 0.02215577190542421
16 0.5210526315789474 0.6053129346314325 0.0018759770713913616 0.034993045897079314
0 0.31924179260031266 0.5800904033379695 0.016961959353830096 0.024798331015299005
1 0.3700755601875977 0.5540890125173853 0.023058884835852007 0.04175243393602223
0 0.11688118811881187 0.6240751043115439 0.05554455445544553 0.0713769123783032
0 0.3603100573215216 0.5715438108484006 0.01278269932256388 0.01880389429763558
0 0.27859041167274623 0.5869888734353268 0.022840020844189644 0.0385396383866481
