0 0.12155810317873893 0.6607927677329625 0.07083897863470558 0.09151599443671768
1 0.353548723293382 0.5553546592489568 0.027201667535174535 0.054520166898470085
0 0.37351745700885874 0.6116620305980528 0.02836894215737366 0.04933240611961053
16 0.5330640958832725 0.6082058414464534 0.002240750390828533 0.03560500695410295
0 0.3133194372068786 0.5863630041724618 0.019332985930171916 0.028386648122392246
1 0.39700885878061487 0.5542420027816412 0.01750911933298594 0.03532684283727396
16 0.7829207920792081 0.7825243393602225 0.009124544033350699 0.11431154381084847
0 0.12155810317873893 0.6607927677329625 0.07083897863470558 0.09151599443671768
1 0.353548723293382 0.5553546592489568 0.027201667535174535 0.054520166898470085
0 0.37351745700885874 0.6116620305980528 0.02836894215737366 0.04933240611961053
16 0.5330640958832725 0.6082058414464534 0.002240750390828533 0.03560500695410295
0 0.3133194372068786 0.5863630041724618 0.019332985930171916 0.028386648122392246
1 0.39700885878061487 0.5542420027816412 0.01750911933298594 0.03532684283727396
16 0.7829207920792081 0.7825243393602225 0.009124544033350699 0.11431154381084847
