0 0.13087285044293903 0.6203059805285118 0.04831162063574779 0.05312934631432552
1 0.45285044293903076 0.5732962447844229 0.026451276706618024 0.10164116828929066
7 0.7363470557582074 0.5637204450625869 0.04007295466388749 0.05400556328233663
0 0.40670661803022407 0.6200973574408901 0.02368942157373634 0.04381084840055633
1 0.35333507034914013 0.5610570236439499 0.014226159458051104 0.03699582753824752
0 0.41541427826993227 0.5906397774687064 0.012840020844189675 0.02912378303198887
7 0.4639525794684732 0.40932545201668985 0.04417404898384574 0.0801529902642559
0 0.34556539864512764 0.6249652294853965 0.034142782699322555 0.05493741307371349
12 0.6625351745700886 0.5583657858136301 0.006988014590932702 0.017983310152990272
0 0.13087285044293903 0.6203059805285118 0.04831162063574779 0.05312934631432552
1 0.45285044293903076 0.5732962447844229 0.026451276706618024 0.10164116828929066
7 0.7363470557582074 0.5637204450625869 0.04007295466388749 0.05400556328233663
0 0.40670661803022407 0.6200973574408901 0.02368942157373634 0.04381084840055633
1 0.35333507034914013 0.5610570236439499 0.014226159458051104 0.03699582753824752
0 0.41541427826993227 0.5906397774687064 0.012840020844189675 0.02912378303198887
7 0.4639525794684732 0.40932545201668985 0.04417404898384574 0.0801529902642559
0 0.34556539864512764 0.6249652294853965 0.034142782699322555 0.05493741307371349
12 0.6625351745700886 0.5583657858136301 0.006988014590932702 0.017983310152990272
