0 0.11797811360083377 0.6426912378303199 0.06055237102657634 0.09097357440890129
1 0.45851485148514853 0.5747287899860918 0.03231891610213652 0.12659248956884558
0 0.17707139134966127 0.9245827538247565 0.24439812402292857 0.1463282336578582
1 0.34573996873371543 0.5591376912378303 0.02352787910369983 0.04278164116828928
0 0.40783480979676917 0.5779554937413074 0.010250130276185552 0.023504867872044474
0 0.11797811360083377 0.6426912378303199 0.06055237102657634 0.09097357440890129
1 0.45851485148514853 0.5747287899860918 0.03231891610213652 0.12659248956884558
0 0.17707139134966127 0.9245827538247565 0.24439812402292857 0.1463282336578582
1 0.34573996873371543 0.5591376912378303 0.02352787910369983 0.04278164116828928
0 0.40783480979676917 0.5779554937413074 0.010250130276185552 0.023504867872044474
