7 0.4842131318394997 0.5502573018080668 0.010521104742053122 0.01659248956884563
0 0.28601094319958315 0.5905910987482614 0.019431995831162046 0.026050069541029234
7 0.45542470036477334 0.51615438108484 0.009004689942678465 0.024158553546592496
7 0.4393381969775925 0.515730180806676 0.009911412193850954 0.02417246175243393
0 0.4166232412714956 0.5762726008344924 0.008858780614903595 0.017246175243393648
7 0.4629442417926003 0.4768428372739917 0.026732673267326708 0.04102920723226704
1 0.314666492965086 0.5689290681502086 0.043309015112037524 0.07076495132127955
7 0.41587806149035955 0.4754937413073713 0.04861907243355918 0.04172461752433936
7 0.5093121417404899 0.5306397774687065 0.02016675351745703 0.02127955493741309
1 0.438275143303804 0.561808066759388 0.014538822303282947 0.055910987482614805
1 0.18551589369463262 0.5709944367176634 0.07701406982803542 0.09447844228094576
0 0.3488223032829599 0.7026356050069542 0.06210526315789477 0.11545201668984707
