0 0.28889265242313705 0.5806467315716273 0.01695153725898904 0.024714881780250324
1 0.45385096404377284 0.5616272600834492 0.013444502344971375 0.05340751043115435
0 0.4251172485669619 0.5889151599443672 0.013381969775924934 0.028539638386648098
2 0.3056383533090151 0.7388178025034771 0.11743616466909852 0.21888734353268427
0 0.33752475247524755 0.5733171070931851 0.009265242313705041 0.01553546592489571
1 0.19366597186034393 0.5733031988873435 0.08770713913496613 0.12098748261474271
0 0.3061334028139656 0.5895201668984701 0.020562793121417424 0.029026425591098755
1 0.37075299635226683 0.5582823365785813 0.01576341844710787 0.0342002781641168
7 0.4957008858780615 0.4852851182197496 0.01725898905680036 0.045285118219749655
7 0.46578426263678996 0.484874826147427 0.017634184471078704 0.044853963838664815
7 0.5557034914017718 0.5505006954102921 0.019286086503387177 0.0304589707927677
0 0.28889265242313705 0.5806467315716273 0.01695153725898904 0.024714881780250324
1 0.45385096404377284 0.5616272600834492 0.013444502344971375 0.05340751043115435
0 0.4251172485669619 0.5889151599443672 0.013381969775924934 0.028539638386648098
2 0.3056383533090151 0.7388178025034771 0.11743616466909852 0.21888734353268427
0 0.33752475247524755 0.5733171070931851 0.009265242313705041 0.01553546592489571
1 0.19366597186034393 0.5733031988873435 0.08770713913496613 0.12098748261474271
0 0.3061334028139656 0.5895201668984701 0.020562793121417424 0.029026425591098755
1 0.37075299635226683 0.5582823365785813 0.01576341844710787 0.0342002781641168
7 0.4957008858780615 0.4852851182197496 0.01725898905680036 0.045285118219749655
7 0.46578426263678996 0.484874826147427 0.017634184471078704 0.044853963838664815
7 0.5557034914017718 0.5505006954102921 0.019286086503387177 0.0304589707927677
