11 0.48030224075039085 0.3472878998609179 0.016466909848879635 0.0458970792767733
6 0.4531266284523189 0.36376912378303194 0.01662324127149556 0.04408901251738524
11 0.4281657113079729 0.3484700973574409 0.017457008858780616 0.04881780250347708
6 0.40211047420531526 0.3645340751043116 0.016519020323084964 0.04394993045897075
6 0.507608129233976 0.3634909596662031 0.01636268890046898 0.04603616133518771
0 0.43095622720166754 0.6045549374130736 0.020630536737884272 0.038317107093185
0 0.509372068785826 0.5953129346314325 0.015617509119333 0.03179415855354653
11 0.48030224075039085 0.3472878998609179 0.016466909848879635 0.0458970792767733
6 0.4531266284523189 0.36376912378303194 0.01662324127149556 0.04408901251738524
11 0.4281657113079729 0.3484700973574409 0.017457008858780616 0.04881780250347708
6 0.40211047420531526 0.3645340751043116 0.016519020323084964 0.04394993045897075
6 0.507608129233976 0.3634909596662031 0.01636268890046898 0.04603616133518771
0 0.43095622720166754 0.6045549374130736 0.020630536737884272 0.038317107093185
0 0.509372068785826 0.5953129346314325 0.015617509119333 0.03179415855354653
