0 0.3838118811881188 0.5997079276773296 0.022266805627931225 0.037579972183588294
0 0.37514330380406463 0.5646105702364396 0.006774361646690985 0.012642559109874791
7 0.33442678478374155 0.49573713490959664 0.022756644085461214 0.01706536856745477
7 0.3564304325169359 0.4972461752433936 0.015747785304846287 0.013296244784422812
7 0.4045310057321522 0.4928372739916551 0.01573215216258465 0.02378303198887339
7 0.37462219906201144 0.491230876216968 0.036894215737363185 0.02474269819193319
0 0.3022668056279312 0.6202364394993046 0.035695674830640955 0.053268428372739936
0 0.3838118811881188 0.5997079276773296 0.022266805627931225 0.037579972183588294
0 0.37514330380406463 0.5646105702364396 0.006774361646690985 0.012642559109874791
7 0.33442678478374155 0.49573713490959664 0.022756644085461214 0.01706536856745477
7 0.3564304325169359 0.4972461752433936 0.015747785304846287 0.013296244784422812
7 0.4045310057321522 0.4928372739916551 0.01573215216258465 0.02378303198887339
7 0.37462219906201144 0.491230876216968 0.036894215737363185 0.02474269819193319
0 0.3022668056279312 0.6202364394993046 0.035695674830640955 0.053268428372739936
