1 0.37297747747747745 0.7483786610878661 0.045216216216216215 0.125
7 0.44528378378378375 0.6473326359832636 0.025648648648648673 0.03294979079497908
2 0.4293018018018018 0.7766422594142259 0.032387387387387376 0.06847280334728037
1 0.317463963963964 0.7090271966527196 0.02741441441441442 0.04930962343096233
1 0.4495900900900901 0.7192364016736401 0.020819819819819833 0.06027196652719666
0 0.45722072072072073 0.9556171548117154 0.07745045045045047 0.08876569037656905
7 0.4204774774774775 0.6407740585774058 0.020234234234234216 0.04012552301255232
1 0.26706756756756755 0.8597280334728034 0.17613513513513512 0.28054393305439335
1 0.37297747747747745 0.7483786610878661 0.045216216216216215 0.125
7 0.44528378378378375 0.6473326359832636 0.025648648648648673 0.03294979079497908
2 0.4293018018018018 0.7766422594142259 0.032387387387387376 0.06847280334728037
1 0.317463963963964 0.7090271966527196 0.02741441441441442 0.04930962343096233
1 0.4495900900900901 0.7192364016736401 0.020819819819819833 0.06027196652719666
0 0.45722072072072073 0.9556171548117154 0.07745045045045047 0.08876569037656905
7 0.4204774774774775 0.6407740585774058 0.020234234234234216 0.04012552301255232
1 0.26706756756756755 0.8597280334728034 0.17613513513513512 0.28054393305439335
