0 0.5240672225117249 0.6168497913769123 0.02367378843147476 0.042406119610570246
7 0.5806826472120896 0.49169680111265646 0.032798332464825455 0.04025034770514603
16 0.6713496612819178 0.6126912378303199 0.003022407503908262 0.026244784422809465
0 0.5836894215737363 0.6004937413073713 0.009171443460135558 0.020431154381084837
1 0.5617847837415321 0.5893532684283728 0.015461177696717078 0.03464534075104307
0 0.5109379885356957 0.8292280945757997 0.10100052110474209 0.12068150208623085
7 0.6203413236060448 0.4894089012517385 0.02674830640958829 0.04093184979137692
1 0.5233819697759249 0.584297635605007 0.026294945284002044 0.040027816411682855
7 0.6477331943720688 0.48842141863699584 0.027514330380406557 0.04207232267037552
2 0.6160109431995832 0.5998539638386647 0.022485669619593585 0.07122392211404725
7 0.5968629494528401 0.5447287899860918 0.015653986451276806 0.018748261474269765
7 0.6150312662845231 0.5455215577190543 0.012511724856696192 0.020083449235048675
7 0.6271912454403334 0.5447774687065369 0.012006253256904619 0.01809457579972182
