7 0.48264721208963 0.49777468706536854 0.024127149557061005 0.02962447844228096
0 0.4860865033871808 0.5926286509040334 0.0110474205315268 0.022253129346314324
11 0.015737363210005212 0.47079276773296247 0.012714955706096924 0.028372739916550732
3 0.38125846795205837 0.5681015299026426 0.012428348097967645 0.04079276773296243
2 0.530716519020323 0.5780111265646732 0.013345492443981248 0.028650904033379648
0 0.5145648775403856 0.5979694019471488 0.0110474205315268 0.021001390820584175
7 0.5114643043251693 0.4986787204450626 0.01771756122980719 0.02851182197496523
6 0.01263157894736842 0.4409596662030598 0.014319958311620634 0.03148817802503475
7 0.5299374674309536 0.49909596662030603 0.01771756122980719 0.027955493741307322
7 0.48264721208963 0.49777468706536854 0.024127149557061005 0.02962447844228096
0 0.4860865033871808 0.5926286509040334 0.0110474205315268 0.022253129346314324
11 0.015737363210005212 0.47079276773296247 0.012714955706096924 0.028372739916550732
3 0.38125846795205837 0.5681015299026426 0.012428348097967645 0.04079276773296243
2 0.530716519020323 0.5780111265646732 0.013345492443981248 0.028650904033379648
0 0.5145648775403856 0.5979694019471488 0.0110474205315268 0.021001390820584175
7 0.5114643043251693 0.4986787204450626 0.01771756122980719 0.02851182197496523
6 0.01263157894736842 0.4409596662030598 0.014319958311620634 0.03148817802503475
7 0.5299374674309536 0.49909596662030603 0.01771756122980719 0.027955493741307322
