0 0.43935904116727464 0.5814464534075104 0.03942678478374158 0.07694019471488185
0 0.49383272537780093 0.5066620305980529 0.008874413757165175 0.017218358831710703
7 0.5290203230849401 0.41893602225312937 0.020823345492444 0.042127955493741334
0 0.3457321521625847 0.5348400556328233 0.027055758207399666 0.03769123783031992
0 0.5450651380927567 0.5041515994436718 0.00935904116727464 0.01751043115438105
1 0.44346534653465347 0.4906954102920723 0.014497133923918675 0.031126564673157157
7 0.4979207920792079 0.4190264255910987 0.028025013027618537 0.04144645340751045
1 0.028890046899426782 0.39737134909596666 0.01771756122980719 0.02934631432545197
1 0.4281396560708702 0.49143949930458974 0.026367899947889538 0.042962447844228153
0 0.43935904116727464 0.5814464534075104 0.03942678478374158 0.07694019471488185
0 0.49383272537780093 0.5066620305980529 0.008874413757165175 0.017218358831710703
7 0.5290203230849401 0.41893602225312937 0.020823345492444 0.042127955493741334
0 0.3457321521625847 0.5348400556328233 0.027055758207399666 0.03769123783031992
0 0.5450651380927567 0.5041515994436718 0.00935904116727464 0.01751043115438105
1 0.44346534653465347 0.4906954102920723 0.014497133923918675 0.031126564673157157
7 0.4979207920792079 0.4190264255910987 0.028025013027618537 0.04144645340751045
1 0.028890046899426782 0.39737134909596666 0.01771756122980719 0.02934631432545197
1 0.4281396560708702 0.49143949930458974 0.026367899947889538 0.042962447844228153
