1 0.38151120375195413 0.4981223922114047 0.018144867118290744 0.04937413073713491
7 0.4977071391349661 0.44667593880389433 0.027889525794684723 0.02086230876216968
0 0.4525742574257426 0.505354659248957 0.006201146430432564 0.011126564673157162
0 0.3476810838978635 0.5346105702364395 0.01792600312662844 0.035841446453407484
7 0.44956227201667537 0.39446453407510434 0.03965607087024493 0.06258692628650904
7 0.495 0.395326842837274 0.03046899426784785 0.06258692628650904
0 0.39173788431474726 0.5174756606397775 0.011313183949973963 0.01789986091794159
1 0.38151120375195413 0.4981223922114047 0.018144867118290744 0.04937413073713491
7 0.4977071391349661 0.44667593880389433 0.027889525794684723 0.02086230876216968
0 0.4525742574257426 0.505354659248957 0.006201146430432564 0.011126564673157162
0 0.3476810838978635 0.5346105702364395 0.01792600312662844 0.035841446453407484
7 0.44956227201667537 0.39446453407510434 0.03965607087024493 0.06258692628650904
7 0.495 0.395326842837274 0.03046899426784785 0.06258692628650904
0 0.39173788431474726 0.5174756606397775 0.011313183949973963 0.01789986091794159
