0 0.4003647733194372 0.5748261474269819 0.03189161021365291 0.05785813630041728
1 0.16721990620114643 0.522586926286509 0.11360604481500781 0.1359109874826148
1 0.028480979676915062 0.3790681502086231 0.017149557060969253 0.04901251738525732
2 0.4785565398645128 0.505980528511822 0.009015112037519517 0.021140472878998593
0 0.3188770192808754 0.5342837273991655 0.019619593538301186 0.03769123783031984
0 0.4446065659197499 0.5222531293463143 0.01261073475768626 0.0242002781641168
7 0.45013027618551327 0.39505563282336575 0.03949973944762901 0.06162726008344924
7 0.4949452840020844 0.39606397774687063 0.029807191245440297 0.060723226703755254
0 0.4003647733194372 0.5748261474269819 0.03189161021365291 0.05785813630041728
1 0.16721990620114643 0.522586926286509 0.11360604481500781 0.1359109874826148
1 0.028480979676915062 0.3790681502086231 0.017149557060969253 0.04901251738525732
2 0.4785565398645128 0.505980528511822 0.009015112037519517 0.021140472878998593
0 0.3188770192808754 0.5342837273991655 0.019619593538301186 0.03769123783031984
0 0.4446065659197499 0.5222531293463143 0.01261073475768626 0.0242002781641168
7 0.45013027618551327 0.39505563282336575 0.03949973944762901 0.06162726008344924
7 0.4949452840020844 0.39606397774687063 0.029807191245440297 0.060723226703755254
