0 0.42707139134966127 0.4842837273991656 0.014434601354872293 0.03087621696801111
1 0.8341323606044815 0.47586926286509035 0.3317352787910369 0.27273991655076496
2 0.45560187597707136 0.4554659248956885 0.011881188118811916 0.03872044506258689
1 0.4865372589890568 0.45333796940194715 0.027759249609171435 0.06328233657858136
8 0.6121104742053153 0.4604172461752433 0.006524231370505462 0.017691237830319846
5 0.6127931214174048 0.44061196105702366 0.00609692548202191 0.013351877607788627
0 0.3325429911412194 0.4971488178025035 0.02725377800937986 0.04102920723226704
0 0.9492183428869204 0.24082058414464536 0.007139134966128216 0.0121001390820584
0 0.4360187597707139 0.46656467315716277 0.009119332985930172 0.02002781641168294
5 0.6788692027097447 0.45271905424200276 0.016102136529442465 0.03367176634214191
8 0.5238665971860343 0.44937413073713495 0.0064616988014590815 0.016968011126564656
0 0.3859301719645648 0.47058414464534076 0.011672746221990608 0.019888734353268444
0 0.45734757686294947 0.48198887343532687 0.012871287128712895 0.02934631432545205
0 0.4637311099531006 0.5033379694019471 0.022407503908285567 0.045062586926286556
0 0.42707139134966127 0.4842837273991656 0.014434601354872293 0.03087621696801111
1 0.8341323606044815 0.47586926286509035 0.3317352787910369 0.27273991655076496
2 0.45560187597707136 0.4554659248956885 0.011881188118811916 0.03872044506258689
1 0.4865372589890568 0.45333796940194715 0.027759249609171435 0.06328233657858136
8 0.6121104742053153 0.4604172461752433 0.006524231370505462 0.017691237830319846
5 0.6127931214174048 0.44061196105702366 0.00609692548202191 0.013351877607788627
0 0.3325429911412194 0.4971488178025035 0.02725377800937986 0.04102920723226704
0 0.9492183428869204 0.24082058414464536 0.007139134966128216 0.0121001390820584
0 0.4360187597707139 0.46656467315716277 0.009119332985930172 0.02002781641168294
5 0.6788692027097447 0.45271905424200276 0.016102136529442465 0.03367176634214191
8 0.5238665971860343 0.44937413073713495 0.0064616988014590815 0.016968011126564656
0 0.3859301719645648 0.47058414464534076 0.011672746221990608 0.019888734353268444
0 0.45734757686294947 0.48198887343532687 0.012871287128712895 0.02934631432545205
0 0.4637311099531006 0.5033379694019471 0.022407503908285567 0.045062586926286556
