17 0.6082464825429911 0.6660778859527121 0.025945805106826453 0.18411682892906814
13 0.5193642522146952 0.4405354659248957 0.014111516414799396 0.022406119610570256
1 0.4021495570609693 0.45262865090403337 0.028634705575820762 0.053240611961056984
2 0.3679077644606566 0.4765646731571627 0.026039603960396052 0.048817802503477004
17 0.17797811360083374 0.5196522948539638 0.014340802501302782 0.06667593880389429
0 0.4829338196977592 0.46519471488178027 0.008285565398645176 0.018150208623087638
11 0.37249609171443454 0.4522948539638387 0.009880145909327735 0.026703755215577173
11 0.5457712350182387 0.45189151599443667 0.009134966128191752 0.02528511821974966
8 0.31972902553413235 0.5445966620305981 0.012694111516414806 0.047579972183588365
1 0.31111776967170407 0.4646314325452017 0.06676915059927045 0.10411682892906816
