16 0.5162532569046379 0.4762169680111265 0.001667535174570053 0.022670375521557734
1 0.4056644085461178 0.4505841446453408 0.022720166753517467 0.04659248956884562
16 0.39224075039082856 0.4613351877607789 0.0017196456487754393 0.01363004172461754
16 0.3209692548202189 0.47710709318497907 0.0020635747785304444 0.02386648122392215
1 0.34873371547681087 0.48285118219749656 0.03757165190203232 0.06133518776077889
16 0.6004351224596145 0.5554589707927677 0.005403856175091255 0.07114047287899858
16 0.5162532569046379 0.4762169680111265 0.001667535174570053 0.022670375521557734
1 0.4056644085461178 0.4505841446453408 0.022720166753517467 0.04659248956884562
16 0.39224075039082856 0.4613351877607789 0.0017196456487754393 0.01363004172461754
16 0.3209692548202189 0.47710709318497907 0.0020635747785304444 0.02386648122392215
1 0.34873371547681087 0.48285118219749656 0.03757165190203232 0.06133518776077889
16 0.6004351224596145 0.5554589707927677 0.005403856175091255 0.07114047287899858
