1 0.4299947889525795 0.4515855354659249 0.017873892652423114 0.034520166898470164
16 0.5117535174570089 0.48221835883171077 0.0015789473684210977 0.020625869262865068
0 0.40352266805627923 0.47733657858136297 0.013079729025534144 0.024186369958275365
0 0.14493746743095362 0.89836578581363 0.28987493486190724 0.2032684283727399
1 0.40028921313183946 0.45654381084840057 0.023183949973944767 0.049388038942976345
1 0.44724335591453884 0.4510848400556328 0.010057321521625823 0.025173852573018112
0 0.4713183949973945 0.5013908205841446 0.01744658676393956 0.039221140472879064
16 0.5851980198019802 0.5515646731571627 0.004945284002084424 0.061543810848400556
16 0.323793642522147 0.48286509040333797 0.0024491922876498412 0.02294853963838665
1 0.4299947889525795 0.4515855354659249 0.017873892652423114 0.034520166898470164
16 0.5117535174570089 0.48221835883171077 0.0015789473684210977 0.020625869262865068
0 0.40352266805627923 0.47733657858136297 0.013079729025534144 0.024186369958275365
0 0.14493746743095362 0.89836578581363 0.28987493486190724 0.2032684283727399
1 0.40028921313183946 0.45654381084840057 0.023183949973944767 0.049388038942976345
1 0.44724335591453884 0.4510848400556328 0.010057321521625823 0.025173852573018112
0 0.4713183949973945 0.5013908205841446 0.01744658676393956 0.039221140472879064
16 0.5851980198019802 0.5515646731571627 0.004945284002084424 0.061543810848400556
16 0.323793642522147 0.48286509040333797 0.0024491922876498412 0.02294853963838665
