7 0.47036998436685773 0.41293463143254516 0.0070349140177175615 0.01126564673157158
0 0.45263157894736844 0.4548678720445062 0.005106826472120873 0.012239221140472895
0 0.4160969254820219 0.4984075104311544 0.02344971339239187 0.05216968011126563
7 0.5161516414799374 0.4402573018080667 0.02241271495570609 0.03464534075104315
0 0.36864773319437205 0.4773574408901252 0.01953621677957264 0.034826147426981945
0 0.44739968733715474 0.45853963838664813 0.006096925482021851 0.01488178025034777
0 0.43865815528921315 0.4702712100139082 0.00972902553413234 0.021460361613351808
7 0.47036998436685773 0.41293463143254516 0.0070349140177175615 0.01126564673157158
0 0.45263157894736844 0.4548678720445062 0.005106826472120873 0.012239221140472895
0 0.4160969254820219 0.4984075104311544 0.02344971339239187 0.05216968011126563
7 0.5161516414799374 0.4402573018080667 0.02241271495570609 0.03464534075104315
0 0.36864773319437205 0.4773574408901252 0.01953621677957264 0.034826147426981945
0 0.44739968733715474 0.45853963838664813 0.006096925482021851 0.01488178025034777
0 0.43865815528921315 0.4702712100139082 0.00972902553413234 0.021460361613351808
