0 0.39997655028660767 0.4657858136300417 0.011907243355914551 0.02150208623087619
2 0.2979442417926003 0.49737134909596664 0.051010943199583166 0.09821974965229487
1 0.32972381448671184 0.4567454798331015 0.04870244919228767 0.09068150208623087
16 0.5620896300156332 0.5299721835883171 0.002553413236060377 0.05438108484005567
1 0.6730849400729547 0.448894297635605 0.04382490880667021 0.04657858136300418
0 0.43651380927566447 0.4794506258692629 0.012954663887441382 0.02524339360222536
0 0.37442678478374153 0.46997218358831705 0.012480458572173031 0.02386648122392215
16 0.5003778009379884 0.4764742698191933 0.0021625846795205717 0.021043115438108478
1 0.7559275664408546 0.45386648122392215 0.14562272016675343 0.1230319888734353
1 0.4250442939030746 0.44681502086230873 0.008692027097446561 0.0262586926286509
0 0.39997655028660767 0.4657858136300417 0.011907243355914551 0.02150208623087619
2 0.2979442417926003 0.49737134909596664 0.051010943199583166 0.09821974965229487
1 0.32972381448671184 0.4567454798331015 0.04870244919228767 0.09068150208623087
16 0.5620896300156332 0.5299721835883171 0.002553413236060377 0.05438108484005567
1 0.6730849400729547 0.448894297635605 0.04382490880667021 0.04657858136300418
0 0.43651380927566447 0.4794506258692629 0.012954663887441382 0.02524339360222536
0 0.37442678478374153 0.46997218358831705 0.012480458572173031 0.02386648122392215
16 0.5003778009379884 0.4764742698191933 0.0021625846795205717 0.021043115438108478
1 0.7559275664408546 0.45386648122392215 0.14562272016675343 0.1230319888734353
1 0.4250442939030746 0.44681502086230873 0.008692027097446561 0.0262586926286509
