13 0.572175612298072 0.42694714881780255 0.06941636268890036 0.1055493741307372
0 0.4511203751954143 0.48992350486787206 0.017186034392912986 0.035424200278164154
0 0.3534262636789995 0.4891237830319889 0.020557582073996897 0.031849791376912344
0 0.39551589369463264 0.5423783031988874 0.03990099009900987 0.07262865090403334
1 0.35731109953100576 0.45462447844228093 0.028389786347055707 0.05890125173852576
13 0.572175612298072 0.42694714881780255 0.06941636268890036 0.1055493741307372
0 0.4511203751954143 0.48992350486787206 0.017186034392912986 0.035424200278164154
0 0.3534262636789995 0.4891237830319889 0.020557582073996897 0.031849791376912344
0 0.39551589369463264 0.5423783031988874 0.03990099009900987 0.07262865090403334
1 0.35731109953100576 0.45462447844228093 0.028389786347055707 0.05890125173852576
