0 0.47680562793121417 0.4769888734353268 0.011922876498176131 0.02554937413073714
7 0.46313705054716 0.24020862308762167 0.1257946847316311 0.11696801112656467
7 0.4851328817092236 0.41301808066759393 0.009484106305367402 0.015159944367176681
7 0.4946508598228244 0.4130458970792768 0.00725898905680045 0.014798331015299008
16 0.5438613861386139 0.5056050069541029 0.0030015633142261547 0.037552155771905425
0 0.3719280875455967 0.47651599443671766 0.015924960917144317 0.024269819193324046
0 0.4291922876498176 0.4618706536856746 0.0074517978113600595 0.012559109874826188
0 0.47680562793121417 0.4769888734353268 0.011922876498176131 0.02554937413073714
7 0.46313705054716 0.24020862308762167 0.1257946847316311 0.11696801112656467
7 0.4851328817092236 0.41301808066759393 0.009484106305367402 0.015159944367176681
7 0.4946508598228244 0.4130458970792768 0.00725898905680045 0.014798331015299008
16 0.5438613861386139 0.5056050069541029 0.0030015633142261547 0.037552155771905425
0 0.3719280875455967 0.47651599443671766 0.015924960917144317 0.024269819193324046
0 0.4291922876498176 0.4618706536856746 0.0074517978113600595 0.012559109874826188
