0 0.40888483585200625 0.6713073713490959 0.01786347055758206 0.035855354659248995
1 0.5093850964043772 0.6292072322670376 0.01650859822824391 0.03605006954102923
1 0.5040698280354351 0.636884561891516 0.011756122980719156 0.04072322670375526
0 0.4227305888483585 0.6503059805285119 0.010369984366857727 0.019888734353268444
0 0.2885356956748307 0.8643949930458971 0.12621156852527354 0.1933240611961057
0 0.40888483585200625 0.6713073713490959 0.01786347055758206 0.035855354659248995
1 0.5093850964043772 0.6292072322670376 0.01650859822824391 0.03605006954102923
1 0.5040698280354351 0.636884561891516 0.011756122980719156 0.04072322670375526
0 0.4227305888483585 0.6503059805285119 0.010369984366857727 0.019888734353268444
0 0.2885356956748307 0.8643949930458971 0.12621156852527354 0.1933240611961057
