12 0.5366102136529443 0.4986856745479833 0.009676915059927012 0.03280945757997223
2 0.3899531005732152 0.5856884561891517 0.06234497133923918 0.16567454798331016
12 0.3474439812402293 0.49187760778859524 0.010896300156331465 0.03488178025034768
15 0.62519541427827 0.5891515994436718 0.029129755080771282 0.13129346314325457
6 0.9193772798332466 0.48563977746870657 0.029062011464304316 0.05734353268428375
12 0.3482360604481501 0.5265438108484006 0.011104742053152655 0.03230876216968006
0 0.43293903074517975 0.524624478442281 0.009306930693069313 0.013671766342141841
12 0.5363678999478895 0.5314951321279555 0.009390307451797801 0.0317802503477051
12 0.9142574257425743 0.5446175243393603 0.027889525794684723 0.0618358831710709
12 0.5366102136529443 0.4986856745479833 0.009676915059927012 0.03280945757997223
2 0.3899531005732152 0.5856884561891517 0.06234497133923918 0.16567454798331016
12 0.3474439812402293 0.49187760778859524 0.010896300156331465 0.03488178025034768
15 0.62519541427827 0.5891515994436718 0.029129755080771282 0.13129346314325457
6 0.9193772798332466 0.48563977746870657 0.029062011464304316 0.05734353268428375
12 0.3482360604481501 0.5265438108484006 0.011104742053152655 0.03230876216968006
0 0.43293903074517975 0.524624478442281 0.009306930693069313 0.013671766342141841
12 0.5363678999478895 0.5314951321279555 0.009390307451797801 0.0317802503477051
12 0.9142574257425743 0.5446175243393603 0.027889525794684723 0.0618358831710709
