17 0.5219176654507556 0.5903059805285118 0.011610213652944287 0.09159944367176637
17 0.5347863470557582 0.5318776077885952 0.0041115164147994265 0.04183588317107091
17 0.5670661803022407 0.6621070931849791 0.02386659718603437 0.1553685674547983
17 0.5480510682647213 0.6310500695410293 0.019062011464304286 0.12830319888734354
17 0.49831422615945803 0.5507023643949931 0.00628973423658152 0.05367176634214183
17 0.6086503387180824 0.7139082058414464 0.021886399166232414 0.18609179415855365
17 0.49007295466388745 0.5375938803894297 0.005263157894736854 0.04470097357440896
17 0.5082516935904117 0.5675243393602225 0.006842105263157892 0.07162726008344923
17 0.513520062532569 0.5773922114047287 0.008707660239708141 0.07945757997218358
17 0.5218785825951017 0.5338803894297636 0.0038718082334549576 0.04183588317107091
17 0.6974231370505471 0.70221140472879 0.01859822824387705 0.15268428372739912
17 0.7792808754559667 0.7092141863699583 0.011214174048983836 0.05998609179415855
17 0.5312402292860865 0.6055493741307371 0.01505992704533616 0.10539638386648119
17 0.6745700885878061 0.7868011126564673 0.030015633142261546 0.2138803894297636
17 0.4946378322042731 0.5449652294853965 0.00603439291297553 0.05221140472879002
17 0.5077748827514331 0.5350417246175243 0.005263157894736854 0.04310152990264257
17 0.7526836894215738 0.70547983310153 0.013131839499739471 0.05997218358831703
7 0.5420531526836895 0.49015299026425585 0.006982803543512293 0.02303198887343533
7 0.4380406461698801 0.48984005563282335 0.007087024491922889 0.024214186369958233
2 0.469137571651902 0.5288386648122393 0.023058884835852007 0.08668984700973573
17 0.7684028139656072 0.712086230876217 0.013137050547159999 0.05997218358831703
17 0.5022016675351745 0.5575591098748262 0.006435643564356447 0.06059805285118219
7 0.5420531526836895 0.49015299026425585 0.006982803543512293 0.02303198887343533
7 0.4380406461698801 0.48984005563282335 0.007087024491922889 0.024214186369958233
17 0.5022016675351745 0.5575591098748262 0.006435643564356447 0.06059805285118219
17 0.5347863470557582 0.5318776077885952 0.0041115164147994265 0.04183588317107091
17 0.5219176654507556 0.5903059805285118 0.011610213652944287 0.09159944367176637
2 0.469137571651902 0.5288386648122393 0.023058884835852007 0.08668984700973573
17 0.7526836894215738 0.70547983310153 0.013131839499739471 0.05997218358831703
17 0.5077748827514331 0.5350417246175243 0.005263157894736854 0.04310152990264257
17 0.4946378322042731 0.5449652294853965 0.00603439291297553 0.05221140472879002
17 0.6745700885878061 0.7868011126564673 0.030015633142261546 0.2138803894297636
17 0.5312402292860865 0.6055493741307371 0.01505992704533616 0.10539638386648119
17 0.7792808754559667 0.7092141863699583 0.011214174048983836 0.05998609179415855
17 0.6974231370505471 0.70221140472879 0.01859822824387705 0.15268428372739912
17 0.5218785825951017 0.5338803894297636 0.0038718082334549576 0.04183588317107091
17 0.513520062532569 0.5773922114047287 0.008707660239708141 0.07945757997218358
17 0.5082516935904117 0.5675243393602225 0.006842105263157892 0.07162726008344923
17 0.49007295466388745 0.5375938803894297 0.005263157894736854 0.04470097357440896
17 0.6086503387180824 0.7139082058414464 0.021886399166232414 0.18609179415855365
17 0.49831422615945803 0.5507023643949931 0.00628973423658152 0.05367176634214183
17 0.5480510682647213 0.6310500695410293 0.019062011464304286 0.12830319888734354
17 0.5670661803022407 0.6621070931849791 0.02386659718603437 0.1553685674547983
17 0.7684028139656072 0.712086230876217 0.013137050547159999 0.05997218358831703
