10 0.6310474205315268 0.41689151599443675 0.01964564877540376 0.04936022253129348
20 0.5548593017196457 0.2977190542420028 0.012636789994788953 0.08361613351877609
12 0.5078582595101615 0.479297635605007 0.003960396039603973 0.015591098748261525
12 0.6946248045857218 0.48526425591098743 0.0071339239187075704 0.01792767732962454
0 0.5088066701406982 0.6502781641168289 0.06482542991141212 0.11418636995827541
0 0.40600573215216257 0.8315716272600836 0.12708181344450228 0.251182197496523
2 0.6291558103178738 0.5114742698191933 0.025148514851485143 0.051571627260083505
0 0.45714174048983847 0.7107093184979137 0.07485669619593543 0.15104311543810844
1 0.6418186555497656 0.5061335187760778 0.022709744658676475 0.04656467315716267
20 0.6240229286086504 0.5017385257301809 0.012402292860865128 0.0735744089012517
10 0.6310474205315268 0.41689151599443675 0.01964564877540376 0.04936022253129348
20 0.5548593017196457 0.2977190542420028 0.012636789994788953 0.08361613351877609
12 0.5078582595101615 0.479297635605007 0.003960396039603973 0.015591098748261525
12 0.6946248045857218 0.48526425591098743 0.0071339239187075704 0.01792767732962454
0 0.5088066701406982 0.6502781641168289 0.06482542991141212 0.11418636995827541
0 0.40600573215216257 0.8315716272600836 0.12708181344450228 0.251182197496523
2 0.6291558103178738 0.5114742698191933 0.025148514851485143 0.051571627260083505
0 0.45714174048983847 0.7107093184979137 0.07485669619593543 0.15104311543810844
1 0.6418186555497656 0.5061335187760778 0.022709744658676475 0.04656467315716267
20 0.6240229286086504 0.5017385257301809 0.012402292860865128 0.0735744089012517
