0 0.8154846274101094 0.811884561891516 0.0752318916102136 0.08193324061196117
7 0.39919749869723814 0.8363908205841447 0.23820739968733715 0.153087621696801
7 0.20020323084940073 0.8123018080667594 0.15183949973944763 0.12477051460361603
2 0.684127149557061 0.752941585535466 0.018718082334549163 0.046272600834492326
7 0.39838196977592494 0.6961891515994437 0.2411620635747785 0.14675938803894303
0 0.7867795726941115 0.7982545201668984 0.04019801980198025 0.06357440890125163
0 0.8154846274101094 0.811884561891516 0.0752318916102136 0.08193324061196117
7 0.39919749869723814 0.8363908205841447 0.23820739968733715 0.153087621696801
7 0.20020323084940073 0.8123018080667594 0.15183949973944763 0.12477051460361603
2 0.684127149557061 0.752941585535466 0.018718082334549163 0.046272600834492326
7 0.39838196977592494 0.6961891515994437 0.2411620635747785 0.14675938803894303
0 0.7867795726941115 0.7982545201668984 0.04019801980198025 0.06357440890125163
