0 0.5338327253778009 0.6706675938803894 0.050208441896821214 0.04954102920723227
0 0.5930198019801981 0.7397079276773296 0.10577905158936947 0.11168289290681503
0 0.6852553413236061 0.8607232267037552 0.19301198540906728 0.21796940194714887
1 0.01592235539343408 0.5600695410292074 0.03184471078686816 0.09101529902642559
7 0.5097498697238145 0.6031849791376912 0.029077644606565957 0.031154381084840026
12 0.502764460656592 0.615778859527121 0.00614382490880671 0.016008344923504857
0 0.5338327253778009 0.6706675938803894 0.050208441896821214 0.04954102920723227
0 0.5930198019801981 0.7397079276773296 0.10577905158936947 0.11168289290681503
0 0.6852553413236061 0.8607232267037552 0.19301198540906728 0.21796940194714887
1 0.01592235539343408 0.5600695410292074 0.03184471078686816 0.09101529902642559
7 0.5097498697238145 0.6031849791376912 0.029077644606565957 0.031154381084840026
12 0.502764460656592 0.615778859527121 0.00614382490880671 0.016008344923504857
