1 0.23827027027027028 0.6281589958158995 0.22724324324324324 0.5300836820083682
0 0.04033333333333334 0.859173640167364 0.08066666666666668 0.28165271966527194
0 0.1073108108108108 0.8530962343096233 0.2146216216216216 0.2938075313807531
1 0.4201081081081081 0.6779184100418411 0.05599999999999997 0.18361924686192466
0 0.42073873873873874 0.7551882845188285 0.0612072072072072 0.11401673640167365
1 0.23827027027027028 0.6281589958158995 0.22724324324324324 0.5300836820083682
0 0.04033333333333334 0.859173640167364 0.08066666666666668 0.28165271966527194
0 0.1073108108108108 0.8530962343096233 0.2146216216216216 0.2938075313807531
1 0.4201081081081081 0.6779184100418411 0.05599999999999997 0.18361924686192466
0 0.42073873873873874 0.7551882845188285 0.0612072072072072 0.11401673640167365
