0 0.36772972972972967 0.7161820083682009 0.02392792792792793 0.04554393305439339
0 0.2811981981981982 0.7150836820083682 0.02169369369369373 0.038619246861924764
1 0.45363063063063064 0.6909414225941423 0.025315315315315334 0.07384937238493726
1 0.5675360360360361 0.6367154811715482 0.17609909909909913 0.3889121338912134
0 0.42030180180180177 0.7391841004184101 0.0584954954954955 0.11284518828451882
20 0.37095045045045044 0.5062029288702928 0.01809909909909913 0.02073221757322175
0 0.33173873873873877 0.7263493723849372 0.07266666666666668 0.048974895397489476
0 0.26766216216216215 0.7135774058577407 0.029702702702702675 0.05292887029288705
20 0.42567567567567566 0.5037970711297071 0.018738738738738697 0.02094142259414224
1 0.7757972972972973 0.49868200836820087 0.4484054054054054 0.9973640167364017
0 0.2915900900900901 0.7143096234309624 0.01712612612612612 0.03891213389121344
1 0.31982882882882885 0.696715481171548 0.027567567567567588 0.055230125523012624
20 0.4759909909909909 0.5037970711297071 0.01900900900900903 0.0221966527196653
0 0.040855855855855855 0.7310355648535565 0.08171171171171171 0.07336820083682019
0 0.13867117117117117 0.7180125523012553 0.08067567567567566 0.07422594142259406
0 0.36772972972972967 0.7161820083682009 0.02392792792792793 0.04554393305439339
0 0.2811981981981982 0.7150836820083682 0.02169369369369373 0.038619246861924764
1 0.45363063063063064 0.6909414225941423 0.025315315315315334 0.07384937238493726
1 0.5675360360360361 0.6367154811715482 0.17609909909909913 0.3889121338912134
0 0.42030180180180177 0.7391841004184101 0.0584954954954955 0.11284518828451882
20 0.37095045045045044 0.5062029288702928 0.01809909909909913 0.02073221757322175
0 0.33173873873873877 0.7263493723849372 0.07266666666666668 0.048974895397489476
0 0.26766216216216215 0.7135774058577407 0.029702702702702675 0.05292887029288705
20 0.42567567567567566 0.5037970711297071 0.018738738738738697 0.02094142259414224
1 0.7757972972972973 0.49868200836820087 0.4484054054054054 0.9973640167364017
0 0.2915900900900901 0.7143096234309624 0.01712612612612612 0.03891213389121344
1 0.31982882882882885 0.696715481171548 0.027567567567567588 0.055230125523012624
20 0.4759909909909909 0.5037970711297071 0.01900900900900903 0.0221966527196653
0 0.040855855855855855 0.7310355648535565 0.08171171171171171 0.07336820083682019
0 0.13867117117117117 0.7180125523012553 0.08067567567567566 0.07422594142259406
