11 0.49327774882751435 0.6372739916550765 0.004794163626889028 0.013351877607788627
6 0.390411672746222 0.6516689847009736 0.005523710265763431 0.013769123783031956
1 0.42235539343408024 0.6615020862308763 0.02136529442417926 0.056522948539638365
0 0.3958311620635747 0.7123783031988874 0.03210005211047422 0.06620305980528515
11 0.39055497655028654 0.6373852573018081 0.005393434080250142 0.01301808066759382
21 0.5957008858780616 0.8560500695410292 0.11792600312662843 0.06759388038942964
21 0.9819854090672224 0.34500000000000003 0.014976550286607613 0.11261474269819197
21 0.9538665971860344 0.2520027816411683 0.006784783741532039 0.009624478442280968
6 0.49343408025013025 0.6518776077885954 0.005211047420531527 0.012795549374130721
11 0.49327774882751435 0.6372739916550765 0.004794163626889028 0.013351877607788627
6 0.390411672746222 0.6516689847009736 0.005523710265763431 0.013769123783031956
1 0.42235539343408024 0.6615020862308763 0.02136529442417926 0.056522948539638365
0 0.3958311620635747 0.7123783031988874 0.03210005211047422 0.06620305980528515
11 0.39055497655028654 0.6373852573018081 0.005393434080250142 0.01301808066759382
21 0.5957008858780616 0.8560500695410292 0.11792600312662843 0.06759388038942964
21 0.9819854090672224 0.34500000000000003 0.014976550286607613 0.11261474269819197
21 0.9538665971860344 0.2520027816411683 0.006784783741532039 0.009624478442280968
6 0.49343408025013025 0.6518776077885954 0.005211047420531527 0.012795549374130721
