0 0.4715450755601876 0.9028581363004172 0.008863991662324123 0.020347705146036156
21 0.602863470557582 0.9740472878998608 0.03683689421573739 0.04509040333796935
21 0.5858129233976029 0.9279763560500696 0.019098488796248092 0.02296244784422808
0 0.04188900468994267 0.7926842837273992 0.014262636789994784 0.022781641168289284
1 0.048285565398645126 0.770250347705146 0.006378322042730586 0.018748261474269685
0 0.4574700364773319 0.9384561891515995 0.021068264721208995 0.048261474269819256
6 0.622970297029703 0.8821974965229484 0.006232412714955725 0.016133518776077917
8 0.5583637311099531 0.9166898470097357 0.006253256904637832 0.03004172461752437
0 0.4715450755601876 0.9028581363004172 0.008863991662324123 0.020347705146036156
21 0.602863470557582 0.9740472878998608 0.03683689421573739 0.04509040333796935
21 0.5858129233976029 0.9279763560500696 0.019098488796248092 0.02296244784422808
0 0.04188900468994267 0.7926842837273992 0.014262636789994784 0.022781641168289284
1 0.048285565398645126 0.770250347705146 0.006378322042730586 0.018748261474269685
0 0.4574700364773319 0.9384561891515995 0.021068264721208995 0.048261474269819256
6 0.622970297029703 0.8821974965229484 0.006232412714955725 0.016133518776077917
8 0.5583637311099531 0.9166898470097357 0.006253256904637832 0.03004172461752437
