0 0.7743199583116207 0.8250417246175242 0.0886711829077645 0.07881780250347699
0 0.8805836373110996 0.8364742698191933 0.10688900468994274 0.08791376912378293
0 0.9538874413757165 0.8172531293463143 0.09222511724856697 0.14705146036161337
0 0.7064773319437206 0.843769123783032 0.13813444502344968 0.13465924895688464
1 0.09758207399687337 0.5970723226703755 0.01226680562793121 0.0358970792767733
7 0.5400651380927567 0.6806258692628651 0.1414434601354872 0.06445062586926283
0 0.7743199583116207 0.8250417246175242 0.0886711829077645 0.07881780250347699
0 0.8805836373110996 0.8364742698191933 0.10688900468994274 0.08791376912378293
0 0.9538874413757165 0.8172531293463143 0.09222511724856697 0.14705146036161337
0 0.7064773319437206 0.843769123783032 0.13813444502344968 0.13465924895688464
1 0.09758207399687337 0.5970723226703755 0.01226680562793121 0.0358970792767733
7 0.5400651380927567 0.6806258692628651 0.1414434601354872 0.06445062586926283
