2 0.5241532047941636 0.6938803894297635 0.026732673267326708 0.04172461752433936
0 0.7496430432516936 0.7054659248956885 0.03629494528400213 0.041279554937413164
0 0.8133897863470557 0.7093602225312934 0.05424179260031274 0.054242002781641166
0 0.8957946847316312 0.7281084840055633 0.07099531005732153 0.06981919332406118
0 0.8329468473163105 0.7055771905424201 0.04105784262636788 0.039193324061196036
0 0.8694841063053673 0.7148400556328234 0.05640437727983325 0.04617524339360229
0 0.761529442417926 0.7066203059805284 0.043215216258467866 0.042420027816411604
13 0.7841584158415843 0.6896383866481224 0.03032829598749351 0.09638386648122393
7 0.6346300156331423 0.6610987482614743 0.016263678999478913 0.010152990264255927
18 0.6795726941115163 0.6211961057023644 0.0026576341844711496 0.01488178025034769
18 0.6642808754559667 0.6233449235048679 0.0027149557060968258 0.013616133518776028
2 0.5241532047941636 0.6938803894297635 0.026732673267326708 0.04172461752433936
0 0.7496430432516936 0.7054659248956885 0.03629494528400213 0.041279554937413164
0 0.8133897863470557 0.7093602225312934 0.05424179260031274 0.054242002781641166
0 0.8957946847316312 0.7281084840055633 0.07099531005732153 0.06981919332406118
0 0.8329468473163105 0.7055771905424201 0.04105784262636788 0.039193324061196036
0 0.8694841063053673 0.7148400556328234 0.05640437727983325 0.04617524339360229
0 0.761529442417926 0.7066203059805284 0.043215216258467866 0.042420027816411604
13 0.7841584158415843 0.6896383866481224 0.03032829598749351 0.09638386648122393
7 0.6346300156331423 0.6610987482614743 0.016263678999478913 0.010152990264255927
18 0.6795726941115163 0.6211961057023644 0.0026576341844711496 0.01488178025034769
18 0.6642808754559667 0.6233449235048679 0.0027149557060968258 0.013616133518776028
