13 0.736657113079729 0.6858414464534075 0.009426784783741609 0.026620305980528492
2 0.679734236581553 0.6969749652294854 0.023981240229286077 0.031919332406119674
0 0.9411490359562272 0.7250556328233658 0.050656591974986995 0.043630041724617534
0 0.9828426263679 0.7249652294853964 0.03431474726420006 0.052712100139082105
0 0.5233142261594581 0.7917176634214187 0.06340802501302759 0.09778859527120994
13 0.736657113079729 0.6858414464534075 0.009426784783741609 0.026620305980528492
2 0.679734236581553 0.6969749652294854 0.023981240229286077 0.031919332406119674
0 0.9411490359562272 0.7250556328233658 0.050656591974986995 0.043630041724617534
0 0.9828426263679 0.7249652294853964 0.03431474726420006 0.052712100139082105
0 0.5233142261594581 0.7917176634214187 0.06340802501302759 0.09778859527120994
