12 0.5613991662324126 0.6798191933240612 0.006539864512767043 0.019777468706536815
8 0.4802344971339239 0.7174547983310153 0.007535174570088548 0.017385257301808066
21 0.10402813965607087 0.7372392211404729 0.05191245440333507 0.10863699582753826
20 0.6735435122459615 0.6563282336578581 0.01318394997394474 0.09084840055632823
2 0.22303022407503909 0.7434561891515994 0.07825429911412192 0.09867872044506257
0 0.11657113079729024 0.6165785813630041 0.024908806670140688 0.03638386648122388
1 0.488009379885357 0.6948400556328234 0.016935904116727463 0.03296244784422808
20 0.47539082855653986 0.40686369958275387 0.01733715476810838 0.1031015299026426
12 0.710049504950495 0.6846592489568846 0.023423658155289236 0.060166898470097346
10 0.674815007816571 0.5572253129346314 0.022542991141219382 0.06015299026425591
1 0.4593538301198541 0.7017246175243393 0.032527357998957826 0.05941585535465921
20 0.5759067222511725 0.40547287899860923 0.01733715476810838 0.1031015299026426
12 0.5613991662324126 0.6798191933240612 0.006539864512767043 0.019777468706536815
8 0.4802344971339239 0.7174547983310153 0.007535174570088548 0.017385257301808066
21 0.10402813965607087 0.7372392211404729 0.05191245440333507 0.10863699582753826
20 0.6735435122459615 0.6563282336578581 0.01318394997394474 0.09084840055632823
2 0.22303022407503909 0.7434561891515994 0.07825429911412192 0.09867872044506257
0 0.11657113079729024 0.6165785813630041 0.024908806670140688 0.03638386648122388
1 0.488009379885357 0.6948400556328234 0.016935904116727463 0.03296244784422808
20 0.47539082855653986 0.40686369958275387 0.01733715476810838 0.1031015299026426
12 0.710049504950495 0.6846592489568846 0.023423658155289236 0.060166898470097346
10 0.674815007816571 0.5572253129346314 0.022542991141219382 0.06015299026425591
1 0.4593538301198541 0.7017246175243393 0.032527357998957826 0.05941585535465921
20 0.5759067222511725 0.40547287899860923 0.01733715476810838 0.1031015299026426
