10 0.5560891089108911 0.675730180806676 0.006393955184992174 0.01518776077885955
0 0.2847316310578426 0.7496662030598052 0.053361125586242855 0.06561891515994446
1 0.48147993746743095 0.687134909596662 0.02015633142261592 0.0426981919332406
0 0.07433559145388223 0.6487552155771906 0.048931735278791036 0.06271210013908203
20 0.48234757686294943 0.4463977746870653 0.015127670661803008 0.08920723226703753
20 0.566500781657113 0.4461821974965229 0.015127670661803127 0.08963838664812238
21 0.5665581031787389 0.9438108484005564 0.030510682647212066 0.061196105702364396
20 0.64843147472642 0.6556745479833102 0.01058884835852003 0.07140472878998613
10 0.6495336112558624 0.5733310152990264 0.01990099009900993 0.05013908205841448
7 0.6716649296508598 0.6810917941585535 0.019098488796248092 0.0500556328233658
7 0.480117248566962 0.7114603616133518 0.007352787910369992 0.01796940194714884
