3 0.6013548723293382 0.678115438108484 0.05878061490359572 0.06399165507649512
20 0.6158415841584158 0.5522948539638387 0.006982803543512293 0.041168289290681455
20 0.5756644085461178 0.5540333796940196 0.006044815007816524 0.0368567454798331
20 0.6558884835852007 0.6509735744089012 0.005263157894736913 0.03351877607788598
10 0.6433611255862429 0.66278859527121 0.009265242313705041 0.02018080667593879
10 0.6573501823866597 0.6120723226703756 0.00837415320479413 0.02322670375521556
8 0.5868108389786347 0.552816411682893 0.011047420531526861 0.021070931849791426
8 0.6286555497655028 0.5501460361613352 0.011047420531526861 0.021070931849791346
0 0.5189421573736321 0.6985535465924896 0.02975508077123509 0.029095966620306002
0 0.44352787910369984 0.6958970792767734 0.028191766545075513 0.030737134909596616
3 0.6013548723293382 0.678115438108484 0.05878061490359572 0.06399165507649512
20 0.6158415841584158 0.5522948539638387 0.006982803543512293 0.041168289290681455
20 0.5756644085461178 0.5540333796940196 0.006044815007816524 0.0368567454798331
20 0.6558884835852007 0.6509735744089012 0.005263157894736913 0.03351877607788598
10 0.6433611255862429 0.66278859527121 0.009265242313705041 0.02018080667593879
10 0.6573501823866597 0.6120723226703756 0.00837415320479413 0.02322670375521556
8 0.5868108389786347 0.552816411682893 0.011047420531526861 0.021070931849791426
8 0.6286555497655028 0.5501460361613352 0.011047420531526861 0.021070931849791346
0 0.5189421573736321 0.6985535465924896 0.02975508077123509 0.029095966620306002
0 0.44352787910369984 0.6958970792767734 0.028191766545075513 0.030737134909596616
