0 0.6168733715476812 0.7771140472878997 0.028535695674830636 0.04955493741307371
12 0.2542991141219385 0.7174547983310153 0.007920792079207945 0.022392211404728742
12 0.6517717561229808 0.7118915159944368 0.008077123501823866 0.02127955493741309
0 0.5983689421573736 0.7429415855354659 0.012798332464825401 0.025660639777468613
0 0.6683402813965608 0.8231293463143253 0.05476289734236577 0.08826147426981909
0 0.5986685773840542 0.7580041724617524 0.01652423137050549 0.030862308762169756
2 0.9851693590411672 0.2793602225312935 0.027576862949452878 0.11432545201668987
0 0.9630640958832725 0.2551668984700974 0.012381448671182902 0.02618915159944365
0 0.09554455445544555 0.6473018080667593 0.024752475247524754 0.04147426981919331
0 0.5292261594580511 0.8121696801112657 0.07293903074517974 0.0803894297635606
0 0.6168733715476812 0.7771140472878997 0.028535695674830636 0.04955493741307371
12 0.2542991141219385 0.7174547983310153 0.007920792079207945 0.022392211404728742
12 0.6517717561229808 0.7118915159944368 0.008077123501823866 0.02127955493741309
0 0.5983689421573736 0.7429415855354659 0.012798332464825401 0.025660639777468613
0 0.6683402813965608 0.8231293463143253 0.05476289734236577 0.08826147426981909
0 0.5986685773840542 0.7580041724617524 0.01652423137050549 0.030862308762169756
2 0.9851693590411672 0.2793602225312935 0.027576862949452878 0.11432545201668987
0 0.9630640958832725 0.2551668984700974 0.012381448671182902 0.02618915159944365
0 0.09554455445544555 0.6473018080667593 0.024752475247524754 0.04147426981919331
0 0.5292261594580511 0.8121696801112657 0.07293903074517974 0.0803894297635606
