0 0.959197498697238 0.2489847009735744 0.010265763418447132 0.02283727399165506
0 0.9908546117769672 0.3083240611961057 0.018290776446065613 0.06652294853963836
0 0.5227722772277228 0.7508275382475661 0.01657113079729029 0.03353268428372742
0 0.5153986451276706 0.7364464534075105 0.014643043251693601 0.024770514603616057
18 0.8196456487754039 0.6880250347705146 0.015528921313183926 0.09126564673157163
8 0.6283064095883272 0.7091376912378303 0.006409588327253754 0.016133518776077837
8 0.7559275664408546 0.43682197496522956 0.028634705575820645 0.05292072322670377
12 0.7817170401250652 0.7155841446453407 0.018639916623241264 0.04538247566063985
0 0.11021365294424179 0.625452016689847 0.011672746221990608 0.020305980528511854
0 0.6692235539343409 0.8257997218358831 0.06288692027097438 0.09443671766342154
0 0.7472225117248568 0.9112656467315717 0.11622720166753515 0.15048678720445052
0 0.5729312141740489 0.8276495132127956 0.04613340281396559 0.09702364394993045
0 0.9725273579989577 0.794269819193324 0.049015112037519515 0.07641168289290673
8 0.6494033350703491 0.44232962447844226 0.027092235539343413 0.04941585535465929
2 0.9696039603960397 0.2560083449235049 0.02392912975508081 0.06105702364394994
21 0.5828608650338718 0.9568428372739917 0.07076602397081823 0.08631432545201662
18 0.6149400729546639 0.4483866481223922 0.016623241271495618 0.09922114047287896
18 0.7164929650859823 0.44133518776077885 0.016935904116727463 0.10286509040333802
10 0.8185773840541949 0.5888803894297635 0.024960917144345944 0.06118219749652288
0 0.959197498697238 0.2489847009735744 0.010265763418447132 0.02283727399165506
0 0.9908546117769672 0.3083240611961057 0.018290776446065613 0.06652294853963836
0 0.5227722772277228 0.7508275382475661 0.01657113079729029 0.03353268428372742
0 0.5153986451276706 0.7364464534075105 0.014643043251693601 0.024770514603616057
18 0.8196456487754039 0.6880250347705146 0.015528921313183926 0.09126564673157163
8 0.6283064095883272 0.7091376912378303 0.006409588327253754 0.016133518776077837
8 0.7559275664408546 0.43682197496522956 0.028634705575820645 0.05292072322670377
12 0.7817170401250652 0.7155841446453407 0.018639916623241264 0.04538247566063985
0 0.11021365294424179 0.625452016689847 0.011672746221990608 0.020305980528511854
0 0.6692235539343409 0.8257997218358831 0.06288692027097438 0.09443671766342154
0 0.7472225117248568 0.9112656467315717 0.11622720166753515 0.15048678720445052
0 0.5729312141740489 0.8276495132127956 0.04613340281396559 0.09702364394993045
0 0.9725273579989577 0.794269819193324 0.049015112037519515 0.07641168289290673
8 0.6494033350703491 0.44232962447844226 0.027092235539343413 0.04941585535465929
2 0.9696039603960397 0.2560083449235049 0.02392912975508081 0.06105702364394994
21 0.5828608650338718 0.9568428372739917 0.07076602397081823 0.08631432545201662
18 0.6149400729546639 0.4483866481223922 0.016623241271495618 0.09922114047287896
18 0.7164929650859823 0.44133518776077885 0.016935904116727463 0.10286509040333802
10 0.8185773840541949 0.5888803894297635 0.024960917144345944 0.06118219749652288
