2 0.41227201667535174 0.5327190542420027 0.06256383533090148 0.12390820584144642
0 0.523353309015112 0.4936230876216968 0.011584158415841534 0.025910987482614736
16 0.565471599791558 0.5055215577190543 0.002042730588848278 0.026620305980528572
1 0.44572954663887443 0.4828720445062587 0.06020323084940071 0.12874826147426988
2 0.4914460656591975 0.47892211404728796 0.013949973944762889 0.039040333796940184
2 0.41227201667535174 0.5327190542420027 0.06256383533090148 0.12390820584144642
0 0.523353309015112 0.4936230876216968 0.011584158415841534 0.025910987482614736
16 0.565471599791558 0.5055215577190543 0.002042730588848278 0.026620305980528572
1 0.44572954663887443 0.4828720445062587 0.06020323084940071 0.12874826147426988
2 0.4914460656591975 0.47892211404728796 0.013949973944762889 0.039040333796940184
