0 0.4436936936936937 0.6235355648535564 0.02090090090090094 0.043305439330543906
9 0.7225225225225225 0.5062761506276151 0.014774774774774856 0.031799163179916295
9 0.840945945945946 0.505857740585774 0.014864864864864866 0.03305439330543929
7 0.6509459459459459 0.5601464435146444 0.04513513513513515 0.06255230125523008
0 0.373963963963964 0.7172594142259414 0.08324324324324327 0.14330543933054393
16 0.8672612612612614 0.607520920502092 0.004216216216216171 0.041401673640167405
1 0.5064864864864865 0.6095188284518829 0.052792792792792816 0.15125523012552303
16 0.8906486486486487 0.6585564853556485 0.004774774774774734 0.060878661087866034
0 0.2558018018018018 0.6302301255230126 0.02965765765765762 0.041213389121339004
1 0.3542702702702703 0.5957426778242677 0.03153153153153153 0.059853556485355675
0 0.33420720720720726 0.613702928870293 0.014954954954954924 0.02384937238493731
0 0.23500000000000001 0.6216527196652719 0.029639639639639646 0.04790794979079505
0 0.7398648648648649 0.6878661087866109 0.05810810810810811 0.10167364016736406
0 0.4436936936936937 0.6235355648535564 0.02090090090090094 0.043305439330543906
9 0.7225225225225225 0.5062761506276151 0.014774774774774856 0.031799163179916295
9 0.840945945945946 0.505857740585774 0.014864864864864866 0.03305439330543929
7 0.6509459459459459 0.5601464435146444 0.04513513513513515 0.06255230125523008
0 0.373963963963964 0.7172594142259414 0.08324324324324327 0.14330543933054393
16 0.8672612612612614 0.607520920502092 0.004216216216216171 0.041401673640167405
1 0.5064864864864865 0.6095188284518829 0.052792792792792816 0.15125523012552303
16 0.8906486486486487 0.6585564853556485 0.004774774774774734 0.060878661087866034
0 0.2558018018018018 0.6302301255230126 0.02965765765765762 0.041213389121339004
1 0.3542702702702703 0.5957426778242677 0.03153153153153153 0.059853556485355675
0 0.33420720720720726 0.613702928870293 0.014954954954954924 0.02384937238493731
0 0.23500000000000001 0.6216527196652719 0.029639639639639646 0.04790794979079505
0 0.7398648648648649 0.6878661087866109 0.05810810810810811 0.10167364016736406
