7 0.07372537659327925 0.4455630630630631 0.026361529548088066 0.09827327327327334
7 0.4727694090382387 0.44429429429429423 0.027346465816917756 0.09699699699699695
21 0.23328794901506372 0.4160060060060059 0.020944380069524933 0.012672672672672669
21 0.2610341830822711 0.4845795795795796 0.06355156431054461 0.03534534534534538
0 0.05730011587485516 0.8370870870870871 0.11460023174971032 0.3258258258258258
21 0.24282444959443802 0.4397897897897898 0.03484936268829663 0.01861861861861867
0 0.20445828505214367 0.4081981981981982 0.015486674391657022 0.0275375375375375
7 0.07372537659327925 0.4455630630630631 0.026361529548088066 0.09827327327327334
7 0.4727694090382387 0.44429429429429423 0.027346465816917756 0.09699699699699695
21 0.23328794901506372 0.4160060060060059 0.020944380069524933 0.012672672672672669
21 0.2610341830822711 0.4845795795795796 0.06355156431054461 0.03534534534534538
0 0.05730011587485516 0.8370870870870871 0.11460023174971032 0.3258258258258258
21 0.24282444959443802 0.4397897897897898 0.03484936268829663 0.01861861861861867
0 0.20445828505214367 0.4081981981981982 0.015486674391657022 0.0275375375375375
