16 0.6056878582595102 0.6554589707927677 0.003444502344971287 0.04452016689847008
0 0.5139161021365294 0.6477468706536857 0.02361125586242838 0.04956884561891514
0 0.1047107868681605 0.5048400556328234 0.008452318916102135 0.016828929068150162
16 0.9784497133923918 0.28953407510431156 0.0026211568525273438 0.040069541029207234
0 0.5768994267847838 0.6120445062586927 0.009275664408546094 0.016968011126564736
16 0.6056878582595102 0.6554589707927677 0.003444502344971287 0.04452016689847008
0 0.5139161021365294 0.6477468706536857 0.02361125586242838 0.04956884561891514
0 0.1047107868681605 0.5048400556328234 0.008452318916102135 0.016828929068150162
16 0.9784497133923918 0.28953407510431156 0.0026211568525273438 0.040069541029207234
0 0.5768994267847838 0.6120445062586927 0.009275664408546094 0.016968011126564736
