16 0.13081691772885284 0.4045795795795796 0.00267670915411356 0.04159159159159162
16 0.3870596755504056 0.40363363363363364 0.003632676709154169 0.04321321321321317
16 0.3099304750869062 0.3583858858858859 0.0024217844727693802 0.023168168168168177
16 0.44868482039397456 0.4485810810810811 0.005527230590961806 0.06340840840840843
16 0.06227404403244496 0.4527927927927928 0.004536500579374283 0.06858858858858852
16 0.3520828505214368 0.3809834834834835 0.0032271147161066337 0.03274774774774771
0 0.12025202780996525 0.3667042042042042 0.025428736964078786 0.04046546546546545
16 0.15619061413673233 0.38021021021021023 0.0026825028968713764 0.02996996996996994
16 0.6021929316338355 0.5624099099099099 0.009136732329084579 0.11632132132132136
0 0.2988731170336037 0.44117867867867866 0.044779837775202794 0.09782282282282279
16 0.32842120509849365 0.3674024024024024 0.002149478563151817 0.027867867867867872
16 0.12038528389339513 0.4073873873873874 0.0026825028968713764 0.04738738738738743
1 0.27275492468134416 0.34704204204204203 0.04513904982618773 0.1542642642642643
16 0.07578794901506374 0.45174174174174175 0.0045422943221320915 0.0685885885885886
16 0.14860370799536501 0.38185435435435433 0.00267670915411356 0.036891891891891924
