6 0.02845886442641947 0.46734234234234234 0.029571263035921204 0.0866366366366367
1 0.3464947856315179 0.4428753753753754 0.07330243337195827 0.09563063063063063
6 0.7471871378910776 0.47554054054054057 0.0429374275782156 0.09936936936936938
1 0.5647132097334878 0.46719219219219216 0.02296060254924681 0.053453453453453405
1 0.500683661645423 0.4544294294294294 0.05019698725376592 0.09804804804804806
6 0.02845886442641947 0.46734234234234234 0.029571263035921204 0.0866366366366367
1 0.3464947856315179 0.4428753753753754 0.07330243337195827 0.09563063063063063
6 0.7471871378910776 0.47554054054054057 0.0429374275782156 0.09936936936936938
1 0.5647132097334878 0.46719219219219216 0.02296060254924681 0.053453453453453405
1 0.500683661645423 0.4544294294294294 0.05019698725376592 0.09804804804804806
