1 0.1995104287369641 0.3783033033033033 0.018244495944380074 0.049399399399399364
0 0.14608922363847046 0.5361186186186186 0.06297798377752027 0.12740240240240244
0 0.19337195828505213 0.4242792792792793 0.019976825028968723 0.04153153153153148
0 0.18775782155272305 0.402912912912913 0.013244495944380078 0.023903903903903928
16 0.33737253765932795 0.43780030030030037 0.003146002317497074 0.0427177177177177
1 0.1995104287369641 0.3783033033033033 0.018244495944380074 0.049399399399399364
0 0.14608922363847046 0.5361186186186186 0.06297798377752027 0.12740240240240244
0 0.19337195828505213 0.4242792792792793 0.019976825028968723 0.04153153153153148
0 0.18775782155272305 0.402912912912913 0.013244495944380078 0.023903903903903928
16 0.33737253765932795 0.43780030030030037 0.003146002317497074 0.0427177177177177
