21 0.2067757821552723 0.44381381381381385 0.01760718424101969 0.010060060060060043
21 0.22190034762456548 0.5056756756756756 0.03374275782155273 0.029579579579579563
1 0.1199739281575898 0.3586936936936937 0.014837775202780987 0.03708708708708711
0 0.12379779837775204 0.3755780780780781 0.007178447276940912 0.01259759759759762
0 0.06501158748551565 0.40144144144144145 0.01581691772885284 0.029129129129129096
21 0.2019061413673233 0.41880630630630633 0.013441483198145995 0.006921921921921943
7 0.21819235225955969 0.34555555555555556 0.022132097334878326 0.04279279279279279
0 0.08909038238702202 0.4376801801801802 0.03143684820393975 0.05719219219219224
21 0.2067757821552723 0.44381381381381385 0.01760718424101969 0.010060060060060043
21 0.22190034762456548 0.5056756756756756 0.03374275782155273 0.029579579579579563
1 0.1199739281575898 0.3586936936936937 0.014837775202780987 0.03708708708708711
0 0.12379779837775204 0.3755780780780781 0.007178447276940912 0.01259759759759762
0 0.06501158748551565 0.40144144144144145 0.01581691772885284 0.029129129129129096
21 0.2019061413673233 0.41880630630630633 0.013441483198145995 0.006921921921921943
7 0.21819235225955969 0.34555555555555556 0.022132097334878326 0.04279279279279279
0 0.08909038238702202 0.4376801801801802 0.03143684820393975 0.05719219219219224
