16 0.3046292004634994 0.39890390390390384 0.0015643105446117797 0.02507507507507506
16 0.10644264194669757 0.5068393393393393 0.005237543453070695 0.08689189189189189
16 0.38840672074159904 0.40463213213213217 0.001981460023175013 0.032447447447447465
16 0.43272305909617614 0.5107432432432432 0.007473928157589856 0.09490990990990988
16 0.24582271147161064 0.4257207207207207 0.002780996523754352 0.03888888888888894
16 0.3872247972190035 0.42583333333333334 0.002317497103128621 0.037972972972973
16 0.3046292004634994 0.39890390390390384 0.0015643105446117797 0.02507507507507506
16 0.10644264194669757 0.5068393393393393 0.005237543453070695 0.08689189189189189
16 0.38840672074159904 0.40463213213213217 0.001981460023175013 0.032447447447447465
16 0.43272305909617614 0.5107432432432432 0.007473928157589856 0.09490990990990988
16 0.24582271147161064 0.4257207207207207 0.002780996523754352 0.03888888888888894
16 0.3872247972190035 0.42583333333333334 0.002317497103128621 0.037972972972973
