16 0.24888180764774043 0.4077402402402402 0.0028157589803012827 0.03256756756756756
16 0.2838180764774044 0.39261261261261265 0.0023522595596755518 0.019579579579579568
7 0.3661616454229432 0.36493993993993995 0.019704519119351095 0.013033033033033001
16 0.37625434530706836 0.4461036036036036 0.0049420625724217685 0.052447447447447455
16 0.1909994206257242 0.44698198198198197 0.003864426419466985 0.05243243243243237
16 0.3552143684820394 0.4087762762762763 0.0030127462340672337 0.029294294294294282
16 0.24888180764774043 0.4077402402402402 0.0028157589803012827 0.03256756756756756
16 0.2838180764774044 0.39261261261261265 0.0023522595596755518 0.019579579579579568
7 0.3661616454229432 0.36493993993993995 0.019704519119351095 0.013033033033033001
16 0.37625434530706836 0.4461036036036036 0.0049420625724217685 0.052447447447447455
16 0.1909994206257242 0.44698198198198197 0.003864426419466985 0.05243243243243237
16 0.3552143684820394 0.4087762762762763 0.0030127462340672337 0.029294294294294282
