1 0.4239577905158937 0.6681571627260083 0.010343929129755092 0.03475660639777462
0 0.40189942678478374 0.6827677329624477 0.01464825429911407 0.03446453407510435
11 0.4811229807191245 0.6400139082058415 0.00638353309015112 0.017719054242002794
0 0.4142965085982283 0.6805841446453408 0.011948931735278764 0.02408901251738525
0 0.3779181865554976 0.6932058414464535 0.035096404377279844 0.07311543810848407
1 0.1760552371026576 0.5225312934631432 0.3486711829077645 0.9549374130737135
1 0.4239577905158937 0.6681571627260083 0.010343929129755092 0.03475660639777462
0 0.40189942678478374 0.6827677329624477 0.01464825429911407 0.03446453407510435
11 0.4811229807191245 0.6400139082058415 0.00638353309015112 0.017719054242002794
0 0.4142965085982283 0.6805841446453408 0.011948931735278764 0.02408901251738525
0 0.3779181865554976 0.6932058414464535 0.035096404377279844 0.07311543810848407
1 0.1760552371026576 0.5225312934631432 0.3486711829077645 0.9549374130737135
