0 0.2061881188118812 0.7443602225312934 0.04885356956748307 0.08844228094575804
0 0.4107008858780615 0.662990264255911 0.012668056279312114 0.024756606397774623
7 0.629755080771235 0.5567315716272601 0.09379885356956748 0.1669262865090404
1 0.35901511203751957 0.6457579972183588 0.04424179260031265 0.09429763560500697
0 0.37367639395518504 0.6854589707927677 0.025132881709223565 0.044937413073713496
0 0.4011464304325169 0.6703059805285118 0.011464304325169358 0.02656467315716276
0 0.41828295987493486 0.6596522948539638 0.010323084940072986 0.023922114047287883
0 0.3919828035435122 0.6753616133518776 0.02041167274622197 0.03536856745479834
0 0.2061881188118812 0.7443602225312934 0.04885356956748307 0.08844228094575804
0 0.4107008858780615 0.662990264255911 0.012668056279312114 0.024756606397774623
7 0.629755080771235 0.5567315716272601 0.09379885356956748 0.1669262865090404
1 0.35901511203751957 0.6457579972183588 0.04424179260031265 0.09429763560500697
0 0.37367639395518504 0.6854589707927677 0.025132881709223565 0.044937413073713496
0 0.4011464304325169 0.6703059805285118 0.011464304325169358 0.02656467315716276
0 0.41828295987493486 0.6596522948539638 0.010323084940072986 0.023922114047287883
0 0.3919828035435122 0.6753616133518776 0.02041167274622197 0.03536856745479834
