6 0.6829484173505276 0.5907351407716371 0.015033216100039088 0.0362565172054223
8 0.7381262211801485 0.53851929092805 0.0046385306760452875 0.011178310740354505
6 0.634198905822587 0.6050729927007299 0.01279015240328254 0.03431699687174148
8 0.7595232512700273 0.5290250260688217 0.003970300898788621 0.009937434827945808
8 0.7190132864400156 0.5483315954118874 0.005427901524032865 0.013242961418143948
8 0.7018093005080108 0.5606569343065694 0.00638530676045327 0.015703858185610074
8 0.6871023837436498 0.5749843587069865 0.00789761625635015 0.02125130344108446
8 0.6777842907385697 0.5950469238790407 0.010355607659241891 0.025755995828988576
8 0.6824482219617037 0.6225130344108446 0.01569753810082066 0.03918665276329502
6 0.3675127002735444 0.5990354535974973 0.014275107463853057 0.03717413972888423
1 0.43581867917155137 0.5857768508863399 0.022790152403282596 0.04638164754953078
0 0.5077217663149668 0.5930344108446298 0.005314576006252407 0.011366006256517182
6 0.6829484173505276 0.5907351407716371 0.015033216100039088 0.0362565172054223
8 0.7381262211801485 0.53851929092805 0.0046385306760452875 0.011178310740354505
6 0.634198905822587 0.6050729927007299 0.01279015240328254 0.03431699687174148
8 0.7595232512700273 0.5290250260688217 0.003970300898788621 0.009937434827945808
8 0.7190132864400156 0.5483315954118874 0.005427901524032865 0.013242961418143948
8 0.7018093005080108 0.5606569343065694 0.00638530676045327 0.015703858185610074
8 0.6871023837436498 0.5749843587069865 0.00789761625635015 0.02125130344108446
8 0.6777842907385697 0.5950469238790407 0.010355607659241891 0.025755995828988576
8 0.6824482219617037 0.6225130344108446 0.01569753810082066 0.03918665276329502
6 0.3675127002735444 0.5990354535974973 0.014275107463853057 0.03717413972888423
1 0.43581867917155137 0.5857768508863399 0.022790152403282596 0.04638164754953078
0 0.5077217663149668 0.5930344108446298 0.005314576006252407 0.011366006256517182
