0 0.28721320973348785 0.3947147147147147 0.025028968713789134 0.02237237237237234
1 0.6078939745075318 0.37154654654654656 0.12007531865585161 0.06651651651651654
20 0.4032010428736964 0.26868618618618617 0.00599652375434532 0.03442942942942944
1 0.6741135573580533 0.37409909909909905 0.12574739281575895 0.06771771771771772
1 0.2121234067207416 0.3760435435435435 0.10431633835457703 0.06797297297297294
16 0.19020857473928154 0.4328003003003003 0.0024333719582850456 0.044729729729729675
20 0.4695654692931634 0.3662837837837838 0.0045075318655851526 0.026591591591591603
20 0.43782734646581695 0.27110360360360364 0.005840092699884149 0.035570570570570566
7 0.4922682502896871 0.3393843843843844 0.054003476245654713 0.02831831831831834
16 0.4643221320973349 0.4357582582582583 0.0024333719582850127 0.04472972972972976
