0 0.5335747785304846 0.6636439499304589 0.012996352266805657 0.024645340751043073
1 0.06473163105784263 0.5336022253129346 0.01349661281917665 0.019332406119610616
0 0.04117509119332986 0.7413004172461752 0.08235018238665973 0.2598191933240612
0 0.4312193850964044 0.669144645340751 0.018645127670661787 0.0281363004172462
1 0.599637832204273 0.638720445062587 0.025945805106826453 0.0293184979137691
0 0.5460422094841063 0.6529554937413075 0.010468994267847913 0.014673157162726025
0 0.4883402813965607 0.696105702364395 0.024674309536216733 0.04812239221140468
0 0.5158936946326211 0.6534979137691238 0.011464304325169358 0.01575799721835881
0 0.022735799895779053 0.564923504867872 0.02384575299635227 0.031821974965229476
0 0.04756122980719125 0.5400695410292072 0.0056279312141740475 0.010570236439499336
0 0.45140958832725375 0.6705493741307371 0.019431995831162046 0.03178025034770518
0 0.253804064616988 0.7076495132127956 0.047264200104220944 0.05618915159944364
0 0.5335747785304846 0.6636439499304589 0.012996352266805657 0.024645340751043073
1 0.06473163105784263 0.5336022253129346 0.01349661281917665 0.019332406119610616
0 0.04117509119332986 0.7413004172461752 0.08235018238665973 0.2598191933240612
0 0.4312193850964044 0.669144645340751 0.018645127670661787 0.0281363004172462
1 0.599637832204273 0.638720445062587 0.025945805106826453 0.0293184979137691
0 0.5460422094841063 0.6529554937413075 0.010468994267847913 0.014673157162726025
0 0.4883402813965607 0.696105702364395 0.024674309536216733 0.04812239221140468
0 0.5158936946326211 0.6534979137691238 0.011464304325169358 0.01575799721835881
0 0.022735799895779053 0.564923504867872 0.02384575299635227 0.031821974965229476
0 0.04756122980719125 0.5400695410292072 0.0056279312141740475 0.010570236439499336
0 0.45140958832725375 0.6705493741307371 0.019431995831162046 0.03178025034770518
0 0.253804064616988 0.7076495132127956 0.047264200104220944 0.05618915159944364
