1 0.39043512245961437 0.643164116828929 0.02167274622199058 0.06490959666203054
0 0.41717040125065136 0.8339916550764951 0.08051068264721209 0.1617246175243393
0 0.3916883793642522 0.6793184979137691 0.022522146951537272 0.04464534075104315
0 0.07905158936946326 0.5554937413073713 0.008858780614903595 0.015577190542420013
1 0.5109171443460135 0.6612169680111265 0.02652423137050546 0.0703337969401947
1 0.39043512245961437 0.643164116828929 0.02167274622199058 0.06490959666203054
0 0.41717040125065136 0.8339916550764951 0.08051068264721209 0.1617246175243393
0 0.3916883793642522 0.6793184979137691 0.022522146951537272 0.04464534075104315
0 0.07905158936946326 0.5554937413073713 0.008858780614903595 0.015577190542420013
1 0.5109171443460135 0.6612169680111265 0.02652423137050546 0.0703337969401947
