1 0.18264721208963003 0.5233727399165508 0.365117248566962 0.9532545201668985
0 0.5441115164147994 0.34082058414464533 0.031318394997394486 0.046314325452016664
0 0.3684992183428869 0.2967663421418637 0.009640437727983325 0.014951321279554937
12 0.48319437206878585 0.3048678720445062 0.008181344450234522 0.030876216968011152
12 0.6837675872850444 0.30250347705146036 0.008494007295466365 0.02726008344923508
1 0.4126628452318917 0.2857719054242003 0.02574257425742573 0.05488178025034768
1 0.18264721208963003 0.5233727399165508 0.365117248566962 0.9532545201668985
0 0.5441115164147994 0.34082058414464533 0.031318394997394486 0.046314325452016664
0 0.3684992183428869 0.2967663421418637 0.009640437727983325 0.014951321279554937
12 0.48319437206878585 0.3048678720445062 0.008181344450234522 0.030876216968011152
12 0.6837675872850444 0.30250347705146036 0.008494007295466365 0.02726008344923508
1 0.4126628452318917 0.2857719054242003 0.02574257425742573 0.05488178025034768
