0 0.5369775924960918 0.6341307371349096 0.00896300156331419 0.015159944367176603
1 0.5160135487232934 0.6297983310152991 0.015945805106826486 0.04095966620305979
0 0.48659979155810323 0.6443602225312934 0.011271495570609691 0.02226703755215576
0 0.5026836894215738 0.6535257301808066 0.01412193850964045 0.033449235048678735
0 0.44293903074517976 0.6972600834492351 0.03305888483585204 0.0643115438108485
0 0.5369775924960918 0.6341307371349096 0.00896300156331419 0.015159944367176603
1 0.5160135487232934 0.6297983310152991 0.015945805106826486 0.04095966620305979
0 0.48659979155810323 0.6443602225312934 0.011271495570609691 0.02226703755215576
0 0.5026836894215738 0.6535257301808066 0.01412193850964045 0.033449235048678735
0 0.44293903074517976 0.6972600834492351 0.03305888483585204 0.0643115438108485
