19 0.6845674830640959 0.26691237830319886 0.025070349140177122 0.12795549374130738
8 0.5269150599270453 0.6254102920723226 0.007983324648254266 0.02178025034770518
11 0.6263210005211046 0.6219819193324062 0.009067222511724786 0.02057023643949933
19 0.5543069306930694 0.2827190542420028 0.022871287128712923 0.1221001390820584
19 0.8134106305367379 0.5892489568845618 0.021412193850964 0.11221140472879
2 0.032936425221469515 0.5284353268428373 0.016044815007816567 0.03659248956884562
20 0.6843147472642002 0.26925591098748264 0.026055237102657634 0.1393741307371349
8 0.5272016675351746 0.626105702364395 0.007399687337154732 0.019276773296244804
11 0.6262923397602919 0.6228164116828928 0.006508598228243882 0.01834492350486787
20 0.5547576862949453 0.28035465924895686 0.022011464304325174 0.1355354659248957
20 0.8129885356956749 0.5906536856745479 0.021412193850964118 0.11221140472879
0 0.04058363731109953 0.588240611961057 0.03953100573215216 0.072336578581363
