0 0.04155549765502866 0.601884561891516 0.035690463783220425 0.07322670375521555
20 0.8133559145388223 0.5926703755215577 0.023814486711829102 0.1154102920723227
11 0.6262298071912455 0.6224756606397774 0.008009379885357019 0.017385257301808066
20 0.5546013548723293 0.2854798331015299 0.022188639916623204 0.12656467315716272
8 0.5272459614382491 0.6250973574408901 0.01012506513809273 0.02101529902642561
10 0.8144059405940595 0.4630319888734353 0.03537780093798847 0.0777746870653686
20 0.6854585721730068 0.2734353268428373 0.02970818134445023 0.1426147426981919
0 0.04155549765502866 0.601884561891516 0.035690463783220425 0.07322670375521555
20 0.8133559145388223 0.5926703755215577 0.023814486711829102 0.1154102920723227
11 0.6262298071912455 0.6224756606397774 0.008009379885357019 0.017385257301808066
20 0.5546013548723293 0.2854798331015299 0.022188639916623204 0.12656467315716272
8 0.5272459614382491 0.6250973574408901 0.01012506513809273 0.02101529902642561
10 0.8144059405940595 0.4630319888734353 0.03537780093798847 0.0777746870653686
20 0.6854585721730068 0.2734353268428373 0.02970818134445023 0.1426147426981919
