16 0.2391657010428737 0.38639639639639645 0.002734646581691789 0.04192192192192194
16 0.3740730011587486 0.40307807807807805 0.0028389339513325475 0.0533033033033033
11 0.36544322132097334 0.3333333333333333 0.007294322132097288 0.017717717717717733
1 0.32105735805330243 0.35866366366366365 0.057526071842410174 0.21735735735735734
16 0.14939165701042875 0.43783783783783786 0.0036500579374275847 0.07087087087087085
16 0.2391657010428737 0.38639639639639645 0.002734646581691789 0.04192192192192194
16 0.3740730011587486 0.40307807807807805 0.0028389339513325475 0.0533033033033033
11 0.36544322132097334 0.3333333333333333 0.007294322132097288 0.017717717717717733
1 0.32105735805330243 0.35866366366366365 0.057526071842410174 0.21735735735735734
16 0.14939165701042875 0.43783783783783786 0.0036500579374275847 0.07087087087087085
