0 0.46045525595935904 0.615385818561001 0.009921844470496327 0.02201251303441086
0 0.42899374755763975 0.6042857142857143 0.007584994138335319 0.012950990615224268
0 0.49305978898007036 0.6067049009384776 0.006690113325517738 0.013826903023983306
0 0.4684525205158265 0.6381491136600626 0.018780773739742067 0.036673618352450546
0 0.5094685423993748 0.602252346193952 0.004822196170379111 0.009718456725756048
0 0.5048261039468542 0.6144994786235662 0.009417741305197395 0.020656934306569404
0 0.46045525595935904 0.615385818561001 0.009921844470496327 0.02201251303441086
0 0.42899374755763975 0.6042857142857143 0.007584994138335319 0.012950990615224268
0 0.49305978898007036 0.6067049009384776 0.006690113325517738 0.013826903023983306
0 0.4684525205158265 0.6381491136600626 0.018780773739742067 0.036673618352450546
0 0.5094685423993748 0.602252346193952 0.004822196170379111 0.009718456725756048
0 0.5048261039468542 0.6144994786235662 0.009417741305197395 0.020656934306569404
