0 0.3726341844710787 0.6431293463143254 0.015846795205836355 0.017246175243393648
0 0.05539343408025013 0.5413769123783032 0.015112037519541427 0.03212795549374134
0 0.2432178217821782 0.6636300417246175 0.03581552892131319 0.04205841446453409
2 0.41271235018238667 0.6308901251738526 0.015836373110995363 0.01724617524339357
0 0.7800911933298592 0.873115438108484 0.16978113600833777 0.19351877607788592
0 0.30486711829077645 0.8860222531293462 0.15566440854611777 0.22795549374130733
0 0.8838639916623241 0.9194019471488177 0.14524752475247527 0.16119610570236437
2 0.3505211047420531 0.6392906815020862 0.030588848358520087 0.033796940194714895
0 0.38756383533090144 0.6392350486787205 0.0182959874934862 0.016968011126564656
2 0.6101615424700365 0.7168984700973575 0.07472642001042203 0.15173852573018085
8 0.624726420010422 0.7011126564673158 0.03652944241792607 0.0917941585535466
0 0.3726341844710787 0.6431293463143254 0.015846795205836355 0.017246175243393648
0 0.05539343408025013 0.5413769123783032 0.015112037519541427 0.03212795549374134
0 0.2432178217821782 0.6636300417246175 0.03581552892131319 0.04205841446453409
2 0.41271235018238667 0.6308901251738526 0.015836373110995363 0.01724617524339357
0 0.7800911933298592 0.873115438108484 0.16978113600833777 0.19351877607788592
0 0.30486711829077645 0.8860222531293462 0.15566440854611777 0.22795549374130733
0 0.8838639916623241 0.9194019471488177 0.14524752475247527 0.16119610570236437
2 0.3505211047420531 0.6392906815020862 0.030588848358520087 0.033796940194714895
0 0.38756383533090144 0.6392350486787205 0.0182959874934862 0.016968011126564656
2 0.6101615424700365 0.7168984700973575 0.07472642001042203 0.15173852573018085
8 0.624726420010422 0.7011126564673158 0.03652944241792607 0.0917941585535466
