0 0.2369640787949015 0.5967717717717719 0.093279258400927 0.17912912912912915
0 0.30495365005793745 0.4162612612612613 0.01836616454229435 0.03252252252252256
0 0.07401506373117034 0.8351351351351352 0.14803012746234068 0.32972972972972975
1 0.6666280417149478 0.5 0.6530706836616454 1.0
0 0.34359212050984933 0.4143243243243243 0.012108922363847032 0.02357357357357364
0 0.2695538818076477 0.4172672672672672 0.024739281575898057 0.04324324324324326
0 0.3331923522595597 0.4161261261261261 0.012630359212050959 0.021171171171171205
0 0.2369640787949015 0.5967717717717719 0.093279258400927 0.17912912912912915
0 0.30495365005793745 0.4162612612612613 0.01836616454229435 0.03252252252252256
0 0.07401506373117034 0.8351351351351352 0.14803012746234068 0.32972972972972975
1 0.6666280417149478 0.5 0.6530706836616454 1.0
0 0.34359212050984933 0.4143243243243243 0.012108922363847032 0.02357357357357364
0 0.2695538818076477 0.4172672672672672 0.024739281575898057 0.04324324324324326
0 0.3331923522595597 0.4161261261261261 0.012630359212050959 0.021171171171171205
