2 0.4316258467952058 0.716606397774687 0.020541948931735256 0.03994436717663425
7 0.501039603960396 0.6297913769123783 0.03272016675351744 0.044561891515994385
0 0.4519854090672225 0.806077885952712 0.044669098488796265 0.08392211404728794
1 0.2883454924439813 0.7233866481223922 0.14073475768629495 0.1730598052851183
1 0.023853569567483062 0.5876912378303198 0.006935904116727463 0.018358831710709303
0 0.42362688900469 0.7349513212795549 0.01692548202188635 0.0281780250347705
1 0.4374335591453882 0.6991794158553547 0.016899426784783716 0.042809457579972225
1 0.003994267847837415 0.5921210013908206 0.00798853569567483 0.03979137691237832
1 0.4487780093798853 0.699874826147427 0.007602918186555514 0.03065368567454801
0 0.4572589890568004 0.7154242002781641 0.007868681605002618 0.01446453407510436
2 0.4316258467952058 0.716606397774687 0.020541948931735256 0.03994436717663425
7 0.501039603960396 0.6297913769123783 0.03272016675351744 0.044561891515994385
0 0.4519854090672225 0.806077885952712 0.044669098488796265 0.08392211404728794
1 0.2883454924439813 0.7233866481223922 0.14073475768629495 0.1730598052851183
1 0.023853569567483062 0.5876912378303198 0.006935904116727463 0.018358831710709303
0 0.42362688900469 0.7349513212795549 0.01692548202188635 0.0281780250347705
1 0.4374335591453882 0.6991794158553547 0.016899426784783716 0.042809457579972225
1 0.003994267847837415 0.5921210013908206 0.00798853569567483 0.03979137691237832
1 0.4487780093798853 0.699874826147427 0.007602918186555514 0.03065368567454801
0 0.4572589890568004 0.7154242002781641 0.007868681605002618 0.01446453407510436
