18 0.5912514484356894 0.40346846846846846 0.026651216685979143 0.17864864864864863
3 0.048201042873696406 0.4439564564564565 0.09640208574739281 0.27124624624624627
10 0.604997103128621 0.12722972972972973 0.0724971031286211 0.19175675675675677
0 0.26608922363847043 0.4070420420420421 0.02309385863267672 0.04759759759759758
1 0.09513325608342989 0.39734234234234234 0.08146002317497103 0.18189189189189187
1 0.15122247972190034 0.37013513513513513 0.05702201622247973 0.12555555555555556
18 0.5912514484356894 0.40346846846846846 0.026651216685979143 0.17864864864864863
3 0.048201042873696406 0.4439564564564565 0.09640208574739281 0.27124624624624627
10 0.604997103128621 0.12722972972972973 0.0724971031286211 0.19175675675675677
0 0.26608922363847043 0.4070420420420421 0.02309385863267672 0.04759759759759758
1 0.09513325608342989 0.39734234234234234 0.08146002317497103 0.18189189189189187
1 0.15122247972190034 0.37013513513513513 0.05702201622247973 0.12555555555555556
