9 0.331494785631518 0.3473723723723724 0.007485515643105422 0.019369369369369376
16 0.3552085747392816 0.42040540540540544 0.002780996523754319 0.05000000000000002
0 0.28751448435689453 0.3887387387387387 0.015121668597914266 0.028828828828828812
1 0.2152375434530707 0.38213213213213215 0.06361529548088063 0.18558558558558563
16 0.16902665121668597 0.42024024024024026 0.002780996523754352 0.0488588588588588
9 0.331494785631518 0.3473723723723724 0.007485515643105422 0.019369369369369376
16 0.3552085747392816 0.42040540540540544 0.002780996523754319 0.05000000000000002
0 0.28751448435689453 0.3887387387387387 0.015121668597914266 0.028828828828828812
1 0.2152375434530707 0.38213213213213215 0.06361529548088063 0.18558558558558563
16 0.16902665121668597 0.42024024024024026 0.002780996523754352 0.0488588588588588
