0 0.030109431995831163 0.5665438108484006 0.03471599791558103 0.05709318497913771
1 0.4022824387701928 0.6310778859527121 0.020062532569046377 0.043657858136300395
0 0.049807191245440335 0.5420445062586926 0.013809275664408547 0.024339360222531293
1 0.18829077644606565 0.6183101529902643 0.3765815528921313 0.7633796940194715
1 0.05242313705054716 0.5216133518776078 0.01525794684731631 0.04139082058414463
0 0.030109431995831163 0.5665438108484006 0.03471599791558103 0.05709318497913771
1 0.4022824387701928 0.6310778859527121 0.020062532569046377 0.043657858136300395
0 0.049807191245440335 0.5420445062586926 0.013809275664408547 0.024339360222531293
1 0.18829077644606565 0.6183101529902643 0.3765815528921313 0.7633796940194715
1 0.05242313705054716 0.5216133518776078 0.01525794684731631 0.04139082058414463
