0 0.47994528400208447 0.5307093184979138 0.016868160500260555 0.023699582753824784
1 0.5969932256383533 0.5031432545201668 0.018759770713913496 0.043115438108484005
1 0.515362167795727 0.5055076495132128 0.029859301719645626 0.048678720445062586
1 0.556313183949974 0.5018915159944367 0.021089108910891104 0.03477051460361613
0 0.2103204794163627 0.6400556328233657 0.0891870766023971 0.10987482614742698
0 0.47994528400208447 0.5307093184979138 0.016868160500260555 0.023699582753824784
1 0.5969932256383533 0.5031432545201668 0.018759770713913496 0.043115438108484005
1 0.515362167795727 0.5055076495132128 0.029859301719645626 0.048678720445062586
1 0.556313183949974 0.5018915159944367 0.021089108910891104 0.03477051460361613
0 0.2103204794163627 0.6400556328233657 0.0891870766023971 0.10987482614742698
