6 0.35867639395518497 0.5223226703755215 0.012819176654507568 0.033796940194714895
1 0.2765763418447108 0.5239082058414465 0.10625325690463785 0.14639777468706536
1 0.48068264721208964 0.5031780250347705 0.014132360604481503 0.05536856745479833
17 0.510401250651381 0.5669401947148818 0.005669619593538299 0.017635605006954113
0 0.03326211568525274 0.40189847009735746 0.013934340802501303 0.024798331015299005
6 0.6014851485148515 0.523567454798331 0.0116206357477854 0.030445062586926266
6 0.35867639395518497 0.5223226703755215 0.012819176654507568 0.033796940194714895
1 0.2765763418447108 0.5239082058414465 0.10625325690463785 0.14639777468706536
1 0.48068264721208964 0.5031780250347705 0.014132360604481503 0.05536856745479833
17 0.510401250651381 0.5669401947148818 0.005669619593538299 0.017635605006954113
0 0.03326211568525274 0.40189847009735746 0.013934340802501303 0.024798331015299005
6 0.6014851485148515 0.523567454798331 0.0116206357477854 0.030445062586926266
