0 0.4492105263157895 0.5771001390820584 0.03393955184992183 0.06527121001390813
0 0.0328843147472642 0.39828233657858136 0.009478895257946849 0.020125173852573057
21 0.5181605002605523 0.6746870653685675 0.07759249609171442 0.04144645340751045
0 0.47657113079729024 0.5381084840055632 0.015466388744137546 0.03226703755215576
0 0.48796248045857216 0.5220236439499304 0.008764981761333996 0.01876216968011128
0 0.4492105263157895 0.5771001390820584 0.03393955184992183 0.06527121001390813
0 0.0328843147472642 0.39828233657858136 0.009478895257946849 0.020125173852573057
21 0.5181605002605523 0.6746870653685675 0.07759249609171442 0.04144645340751045
0 0.47657113079729024 0.5381084840055632 0.015466388744137546 0.03226703755215576
0 0.48796248045857216 0.5220236439499304 0.008764981761333996 0.01876216968011128
