0 0.31471610660486676 0.41351351351351345 0.01749710312862105 0.03963963963963969
11 0.43600811123986094 0.3765765765765766 0.015005793742757808 0.036036036036036036
18 0.7215816917728853 0.43198198198198196 0.036558516801853944 0.20630630630630628
20 0.37543453070683663 0.364039039039039 0.003244495944380017 0.01591591591591591
10 0.7391077636152955 0.10968468468468467 0.08725376593279253 0.21936936936936935
0 0.32071263035921205 0.4025075075075075 0.013789107763615334 0.030930930930930967
0 0.35186268829663964 0.39223723723723725 0.013296639629200423 0.02066066066066069
20 0.35237543453070685 0.3015015015015015 0.0031286210892236253 0.01816816816816816
0 0.31471610660486676 0.41351351351351345 0.01749710312862105 0.03963963963963969
11 0.43600811123986094 0.3765765765765766 0.015005793742757808 0.036036036036036036
18 0.7215816917728853 0.43198198198198196 0.036558516801853944 0.20630630630630628
20 0.37543453070683663 0.364039039039039 0.003244495944380017 0.01591591591591591
10 0.7391077636152955 0.10968468468468467 0.08725376593279253 0.21936936936936935
0 0.32071263035921205 0.4025075075075075 0.013789107763615334 0.030930930930930967
0 0.35186268829663964 0.39223723723723725 0.013296639629200423 0.02066066066066069
20 0.35237543453070685 0.3015015015015015 0.0031286210892236253 0.01816816816816816
