11 0.44409907300115875 0.3770195195195195 0.019101969872537674 0.0486636636636637
0 0.24200173812282735 0.4677177177177177 0.03801274623406722 0.08108108108108109
0 0.17007242178447277 0.5690765765765766 0.0898088064889919 0.17926426426426426
0 0.3210863267670915 0.3942642642642643 0.012056778679026686 0.02858858858858862
20 0.32159327925840087 0.29597597597597597 0.002780996523754385 0.018468468468468485
11 0.44409907300115875 0.3770195195195195 0.019101969872537674 0.0486636636636637
0 0.24200173812282735 0.4677177177177177 0.03801274623406722 0.08108108108108109
0 0.17007242178447277 0.5690765765765766 0.0898088064889919 0.17926426426426426
0 0.3210863267670915 0.3942642642642643 0.012056778679026686 0.02858858858858862
20 0.32159327925840087 0.29597597597597597 0.002780996523754385 0.018468468468468485
