16 0.4961819235225956 0.4075900900900902 0.0027694090382386865 0.029414414414414378
8 0.36968134414831977 0.41466966966966967 0.0181344148319815 0.04189189189189186
11 0.14243916570104287 0.3801801801801802 0.011297798377752027 0.02702702702702703
7 0.9138470451911935 0.4132357357357358 0.17230590961761302 0.06938438438438435
16 0.24420915411355734 0.412012012012012 0.0021958285052143473 0.02522522522522524
21 0.31171494785631515 0.5941816816816817 0.019675550405562015 0.047012012012012015
21 0.038673232908458866 0.5879129129129129 0.03273464658169177 0.042192192192192224
16 0.5877230590961761 0.4135285285285285 0.0027694090382386865 0.034504504504504444
16 0.34438586326767096 0.43655405405405406 0.0024217844727693802 0.04127627627627629
16 0.5310428736964078 0.4546396396396396 0.0037311703360370456 0.04987987987987984
16 0.10714658169177288 0.41800300300300297 0.002045191193511009 0.03300300300300303
16 0.7025492468134414 0.6312687687687688 0.013093858632676788 0.14316816816816821
16 0.1951911935110081 0.4357507507507508 0.0026651216685978944 0.04027027027027026
16 0.14358342989571263 0.46081081081081077 0.003563151796060258 0.053453453453453405
21 0.46076477404403243 0.5994294294294295 0.02945538818076479 0.04588588588588589
16 0.08211181923522597 0.3948723723723724 0.002045191193511009 0.02427927927927926
16 0.3911008111239861 0.4482207207207207 0.0027694090382386865 0.04439939939939939
16 0.4961819235225956 0.4075900900900902 0.0027694090382386865 0.029414414414414378
8 0.36968134414831977 0.41466966966966967 0.0181344148319815 0.04189189189189186
11 0.14243916570104287 0.3801801801801802 0.011297798377752027 0.02702702702702703
7 0.9138470451911935 0.4132357357357358 0.17230590961761302 0.06938438438438435
16 0.24420915411355734 0.412012012012012 0.0021958285052143473 0.02522522522522524
21 0.31171494785631515 0.5941816816816817 0.019675550405562015 0.047012012012012015
21 0.038673232908458866 0.5879129129129129 0.03273464658169177 0.042192192192192224
16 0.5877230590961761 0.4135285285285285 0.0027694090382386865 0.034504504504504444
16 0.34438586326767096 0.43655405405405406 0.0024217844727693802 0.04127627627627629
16 0.5310428736964078 0.4546396396396396 0.0037311703360370456 0.04987987987987984
16 0.10714658169177288 0.41800300300300297 0.002045191193511009 0.03300300300300303
16 0.7025492468134414 0.6312687687687688 0.013093858632676788 0.14316816816816821
16 0.1951911935110081 0.4357507507507508 0.0026651216685978944 0.04027027027027026
16 0.14358342989571263 0.46081081081081077 0.003563151796060258 0.053453453453453405
21 0.46076477404403243 0.5994294294294295 0.02945538818076479 0.04588588588588589
16 0.08211181923522597 0.3948723723723724 0.002045191193511009 0.02427927927927926
16 0.3911008111239861 0.4482207207207207 0.0027694090382386865 0.04439939939939939
