2 0.4067430953621678 0.6553407510431154 0.03702970297029706 0.09440890125173852
0 0.4623215216258468 0.6461057023643949 0.01886920270974462 0.04648122392211407
10 0.4996248045857217 0.5346940194714882 0.008337675872850442 0.02546592489568846
0 0.4977097446586764 0.7194158553546592 0.042881709223553915 0.10853963838664807
0 0.4359067222511725 0.6039986091794158 0.007602918186555455 0.014255910987482615
0 0.489872329338197 0.6759388038942976 0.029426784783741486 0.06737134909596669
0 0.3928660760812923 0.7011682892906815 0.05224596143824908 0.10141863699582757
0 0.36392131318395 0.6310083449235049 0.01833767587285047 0.03503477051460361
18 0.4587962480458572 0.46897774687065374 0.007139134966128156 0.04424200278164117
16 0.5469645648775404 0.6971070931849792 0.004528400208441925 0.07282336578581357
1 0.0123058884835852 0.49130737134909597 0.024017717561229807 0.05232267037552157
0 0.37471599791558097 0.6076773296244785 0.00929650859822826 0.019137691237830306
0 0.34007295466388743 0.6480458970792768 0.027201667535174594 0.050333796940194714
18 0.4992600312662845 0.575027816411683 0.004794163626888969 0.03520166898470098
0 0.6430797290255342 0.613490959666203 0.023376758728504376 0.02002781641168294
0 0.5233142261594581 0.7756675938803893 0.08352266805627935 0.18554937413073708
0 0.47350442939030746 0.657913769123783 0.030656591974986994 0.07020862308762164
18 0.4165085982282439 0.4667524339360223 0.007139134966128216 0.04424200278164117
0 0.4412897342365816 0.6066759388038944 0.00810317873892656 0.01663421418636993
