16 0.5248290845886443 0.474466966966967 0.0017902665121668781 0.03154654654654653
16 0.07877462340672073 0.4507282282282282 0.002334878331402086 0.03548048048048048
21 0.2563180764774044 0.5073123123123123 0.01297219003476248 0.015405405405405392
12 0.47899188876013904 0.388993993993994 0.035063731170336024 0.06345345345345343
8 0.3278476245654693 0.42617117117117126 0.008568945538818056 0.021531531531531495
16 0.5078302433371958 0.4510135135135135 0.0009096176129779469 0.024999999999999967
16 0.30759559675550413 0.4328153153153153 0.0014947856315179844 0.022057057057057055
21 0.3818366164542294 0.6873348348348348 0.03435689455388185 0.09650150150150147
7 0.3915034762456546 0.22776276276276275 0.06380648899188876 0.07342342342342341
7 0.3075521436848204 0.2346921921921922 0.05268250289687135 0.05578078078078079
16 0.3149449594438007 0.4438363363363364 0.00233487833140207 0.028543543543543614
16 0.23530417149478564 0.43246996996996995 0.00233487833140207 0.021846846846846863
21 0.3407097334878332 0.5102102102102102 0.014756662804171445 0.016516516516516516
16 0.8083632676709154 0.5207732732732733 0.002740440324449605 0.031006006006006056
16 0.14452491309385862 0.42923423423423424 0.0014484356894553883 0.01720720720720726
16 0.43523174971031287 0.45665915915915917 0.0019582850521436823 0.03472972972972972
21 0.16792584009269987 0.6793168168168169 0.04873696407879489 0.09481981981981978
16 0.22038818076477404 0.441524024024024 0.0023406720741599193 0.02854354354354353
