0 0.43627410109431997 0.6175034770514604 0.006930693069306966 0.02006954102920724
0 0.4627488275143304 0.6389360222531293 0.01718082334549246 0.03308762169680114
7 0.5201224596143825 0.5842489568845619 0.049624804585721737 0.05333796940194718
18 0.41573215216258463 0.5624478442280946 0.002344971339239187 0.014325452016689862
0 0.44067743616466915 0.6215855354659249 0.003856175091193318 0.019610570236439532
0 0.4163835330901511 0.6172531293463144 0.007962480458572159 0.01803894297635609
1 0.4294059405940594 0.6026981919332407 0.009817613340281413 0.038887343532684256
18 0.42831683168316836 0.5622392211404729 0.00229286086503386 0.012517385257301807
0 0.3754351224596144 0.6154728789986091 0.008025013027618539 0.016842837273991596
0 0.41417404898384574 0.705452016689847 0.03437206878582591 0.07446453407510434
0 0.01640958832725378 0.4964255910987483 0.01874934861907243 0.02820584144645337
1 0.45299114121938505 0.6111474269819193 0.022730588848358522 0.0709735744089013
1 0.5577800937988536 0.5989707927677329 0.026701406982803547 0.014520166898470094
0 0.3895049504950495 0.6181084840055633 0.008233454924439849 0.018219749652294885
16 0.47948410630536736 0.635452016689847 0.0019280875455966887 0.02573018080667594
0 0.4317144346013549 0.6151877607788596 0.0064616988014590815 0.014325452016689862
0 0.43627410109431997 0.6175034770514604 0.006930693069306966 0.02006954102920724
0 0.4627488275143304 0.6389360222531293 0.01718082334549246 0.03308762169680114
7 0.5201224596143825 0.5842489568845619 0.049624804585721737 0.05333796940194718
18 0.41573215216258463 0.5624478442280946 0.002344971339239187 0.014325452016689862
0 0.44067743616466915 0.6215855354659249 0.003856175091193318 0.019610570236439532
0 0.4163835330901511 0.6172531293463144 0.007962480458572159 0.01803894297635609
1 0.4294059405940594 0.6026981919332407 0.009817613340281413 0.038887343532684256
18 0.42831683168316836 0.5622392211404729 0.00229286086503386 0.012517385257301807
0 0.3754351224596144 0.6154728789986091 0.008025013027618539 0.016842837273991596
0 0.41417404898384574 0.705452016689847 0.03437206878582591 0.07446453407510434
0 0.01640958832725378 0.4964255910987483 0.01874934861907243 0.02820584144645337
1 0.45299114121938505 0.6111474269819193 0.022730588848358522 0.0709735744089013
1 0.5577800937988536 0.5989707927677329 0.026701406982803547 0.014520166898470094
0 0.3895049504950495 0.6181084840055633 0.008233454924439849 0.018219749652294885
16 0.47948410630536736 0.635452016689847 0.0019280875455966887 0.02573018080667594
0 0.4317144346013549 0.6151877607788596 0.0064616988014590815 0.014325452016689862
