16 0.42584878331402093 0.4573948948948949 0.005590961761297785 0.055210210210210185
1 0.05462630359212051 0.36524774774774776 0.06497682502896872 0.19926426426426427
1 0.24479721900347623 0.316478978978979 0.024750869061413657 0.06983483483483482
16 0.3563354577056779 0.4023723723723724 0.0016628041714947884 0.031321321321321344
0 0.1754953650057937 0.38809309309309314 0.02767670915411358 0.06840840840840841
16 0.3317815758980301 0.38493993993993997 0.0018134414831981434 0.019969969969969945
0 0.29499710312862104 0.41996996996996994 0.038986095017381206 0.08588588588588592
0 0.29498261877172655 0.42294294294294293 0.030892236384704484 0.06912912912912908
0 0.17682502896871383 0.39245495495495497 0.01865585168018539 0.034309309309309345
16 0.3564513325608342 0.4023723723723724 0.0022421784472769434 0.031321321321321344
16 0.3320654692931634 0.38454954954954956 0.0018018539976825108 0.02129129129129126
1 0.04286210892236385 0.3806531531531531 0.07552723059096175 0.1678228228228228
16 0.4261008111239861 0.45696696696696704 0.004577056778679013 0.059939939939939964
16 0.17060544611819237 0.367484984984985 0.0017786790266512127 0.016981981981981985
1 0.2468887601390498 0.31945945945945947 0.018273464658169158 0.04576576576576575
16 0.12862977983777518 0.38400150150150153 0.0019524913093858494 0.021486486486486447
