16 0.16405561993047507 0.27277027027027023 0.002016222479721878 0.023828828828828835
0 0.14622537659327925 0.27868618618618624 0.02562572421784472 0.04142642642642643
7 0.4000028968713789 0.23280030030030033 0.022821552723059087 0.0557207207207207
16 0.48941772885283896 0.36671171171171174 0.005336037079953671 0.08051051051051056
16 0.40132097334878336 0.28768768768768765 0.0023406720741599523 0.040240240240240255
0 0.3324507531865585 0.2696696696696697 0.01864426419466973 0.04294294294294294
16 0.16405561993047507 0.27277027027027023 0.002016222479721878 0.023828828828828835
0 0.14622537659327925 0.27868618618618624 0.02562572421784472 0.04142642642642643
7 0.4000028968713789 0.23280030030030033 0.022821552723059087 0.0557207207207207
16 0.48941772885283896 0.36671171171171174 0.005336037079953671 0.08051051051051056
16 0.40132097334878336 0.28768768768768765 0.0023406720741599523 0.040240240240240255
0 0.3324507531865585 0.2696696696696697 0.01864426419466973 0.04294294294294294
