7 0.45364136732329086 0.29283033033033035 0.01809385863267672 0.032357357357357376
21 0.31237253765932793 0.6637912912912913 0.04141946697566625 0.1144594594594594
1 0.9701506373117034 0.6013963963963963 0.05969872537659326 0.09960960960960957
1 0.08809675550405563 0.19004504504504505 0.05717844727694091 0.08519519519519518
7 0.4727665121668598 0.2918093093093093 0.016123986095017338 0.03169669669669672
0 0.39595596755504053 0.39393393393393394 0.013765932792584003 0.029849849849849886
0 0.33551274623406724 0.4177927927927928 0.02190614136732326 0.04039039039039036
7 0.45364136732329086 0.29283033033033035 0.01809385863267672 0.032357357357357376
21 0.31237253765932793 0.6637912912912913 0.04141946697566625 0.1144594594594594
1 0.9701506373117034 0.6013963963963963 0.05969872537659326 0.09960960960960957
1 0.08809675550405563 0.19004504504504505 0.05717844727694091 0.08519519519519518
7 0.4727665121668598 0.2918093093093093 0.016123986095017338 0.03169669669669672
0 0.39595596755504053 0.39393393393393394 0.013765932792584003 0.029849849849849886
0 0.33551274623406724 0.4177927927927928 0.02190614136732326 0.04039039039039036
