8 0.4822479721900347 0.44411411411411406 0.015005793742757808 0.0396996996996997
8 0.4626911935110081 0.4359159159159159 0.02002896871378907 0.04897897897897899
8 0.5450550405561992 0.4071246246246246 0.010909617612977941 0.02773273273273269
0 0.37835457705677866 0.38256756756756755 0.012329084588644248 0.017387387387387362
0 0.3256546929316338 0.5677927927927927 0.09174971031286212 0.15300300300300304
0 0.6201361529548088 0.4419069069069069 0.03503476245654694 0.06654654654654663
0 0.3096205098493627 0.4339789789789789 0.035034762456546915 0.06597597597597597
8 0.6247045191193511 0.39557057057057055 0.008818076477404287 0.02312312312312309
8 0.4822479721900347 0.44411411411411406 0.015005793742757808 0.0396996996996997
8 0.4626911935110081 0.4359159159159159 0.02002896871378907 0.04897897897897899
8 0.5450550405561992 0.4071246246246246 0.010909617612977941 0.02773273273273269
0 0.37835457705677866 0.38256756756756755 0.012329084588644248 0.017387387387387362
0 0.3256546929316338 0.5677927927927927 0.09174971031286212 0.15300300300300304
0 0.6201361529548088 0.4419069069069069 0.03503476245654694 0.06654654654654663
0 0.3096205098493627 0.4339789789789789 0.035034762456546915 0.06597597597597597
8 0.6247045191193511 0.39557057057057055 0.008818076477404287 0.02312312312312309
