7 0.03623986095017381 0.12015765765765767 0.050254924681344154 0.09487987987987989
16 0.13730011587485516 0.37180180180180183 0.002085747392815756 0.029579579579579605
21 0.08921205098493627 0.44015015015015013 0.02804171494785632 0.023273273273273273
21 0.04409617612977984 0.39270270270270274 0.013279258400926992 0.016516516516516516
16 0.056286210892236385 0.3511111111111111 0.0019582850521436906 0.022762762762762758
0 0.13122827346465818 0.39499249249249246 0.028783314020857476 0.048873873873873847
21 0.15319235225955968 0.4404204204204204 0.017392815758980308 0.01984984984984989
21 0.09014484356894555 0.3912462462462463 0.011228273464658167 0.013603603603603607
7 0.5168482039397451 0.3664039039039039 0.05219003476245657 0.07397897897897904
7 0.09163093858632677 0.1266966966966967 0.04557937427578217 0.09150150150150149
7 0.03623986095017381 0.12015765765765767 0.050254924681344154 0.09487987987987989
16 0.13730011587485516 0.37180180180180183 0.002085747392815756 0.029579579579579605
21 0.08921205098493627 0.44015015015015013 0.02804171494785632 0.023273273273273273
21 0.04409617612977984 0.39270270270270274 0.013279258400926992 0.016516516516516516
16 0.056286210892236385 0.3511111111111111 0.0019582850521436906 0.022762762762762758
0 0.13122827346465818 0.39499249249249246 0.028783314020857476 0.048873873873873847
21 0.15319235225955968 0.4404204204204204 0.017392815758980308 0.01984984984984989
21 0.09014484356894555 0.3912462462462463 0.011228273464658167 0.013603603603603607
7 0.5168482039397451 0.3664039039039039 0.05219003476245657 0.07397897897897904
7 0.09163093858632677 0.1266966966966967 0.04557937427578217 0.09150150150150149
