6 0.6461066048667439 0.4026276276276276 0.013812282734646535 0.03228228228228228
0 0.5262775202780997 0.4050675675675675 0.015463499420625755 0.02319819819819818
21 0.5579924681344148 0.47601351351351345 0.02212630359212054 0.01199699699699701
0 0.4880243337195828 0.45683933933933935 0.03565469293163388 0.06019519519519524
0 0.4802549246813442 0.4010885885885886 0.012259559675550388 0.02004504504504508
7 0.5251564310544612 0.3713063063063063 0.008748551564310559 0.01315315315315314
0 0.5268221320973349 0.4270870870870871 0.016228273464658164 0.03471471471471472
6 0.36840961761297797 0.4023348348348348 0.010225955967555093 0.026261261261261274
16 0.28904692931633835 0.48746996996996994 0.0038528389339513524 0.04740240240240239
6 0.6461066048667439 0.4026276276276276 0.013812282734646535 0.03228228228228228
0 0.5262775202780997 0.4050675675675675 0.015463499420625755 0.02319819819819818
21 0.5579924681344148 0.47601351351351345 0.02212630359212054 0.01199699699699701
0 0.4880243337195828 0.45683933933933935 0.03565469293163388 0.06019519519519524
0 0.4802549246813442 0.4010885885885886 0.012259559675550388 0.02004504504504508
7 0.5251564310544612 0.3713063063063063 0.008748551564310559 0.01315315315315314
0 0.5268221320973349 0.4270870870870871 0.016228273464658164 0.03471471471471472
6 0.36840961761297797 0.4023348348348348 0.010225955967555093 0.026261261261261274
16 0.28904692931633835 0.48746996996996994 0.0038528389339513524 0.04740240240240239
