13 0.4312920046349942 0.3733858858858859 0.0444959443800695 0.061276276276276236
7 0.7710457705677867 0.4014114114114114 0.04089803012746229 0.09738738738738736
16 0.33839223638470456 0.4240840840840841 0.0030996523754345437 0.03399399399399397
0 0.1800521436848204 0.5384684684684685 0.06735805330243337 0.13297297297297297
0 0.23530996523754344 0.42795045045045044 0.02497682502896872 0.04980480480480483
16 0.1448088064889919 0.4015165165165165 0.001911935110081119 0.02192192192192187
16 0.44197276940903824 0.4923273273273273 0.006205098493626904 0.06459459459459457
13 0.4312920046349942 0.3733858858858859 0.0444959443800695 0.061276276276276236
7 0.7710457705677867 0.4014114114114114 0.04089803012746229 0.09738738738738736
16 0.33839223638470456 0.4240840840840841 0.0030996523754345437 0.03399399399399397
0 0.1800521436848204 0.5384684684684685 0.06735805330243337 0.13297297297297297
0 0.23530996523754344 0.42795045045045044 0.02497682502896872 0.04980480480480483
16 0.1448088064889919 0.4015165165165165 0.001911935110081119 0.02192192192192187
16 0.44197276940903824 0.4923273273273273 0.006205098493626904 0.06459459459459457
