2 0.6773290347792106 0.7131074035453597 0.029484173505275515 0.0402502606882168
21 0.4699101211410707 0.6361835245046924 0.011723329425556858 0.015849843587069912
1 0.26607268464243844 0.6192440041710114 0.07141070730754201 0.08772679874869656
0 0.4323583431027745 0.6712982273201252 0.030398593200468917 0.0639728884254432
2 0.8000566627588903 0.7611783107403546 0.033376318874560405 0.04890510948905107
0 0.9224247753028527 0.8563086548488009 0.039957014458772956 0.061209593326381574
2 0.7522645564673701 0.6943378519290927 0.026865963266901133 0.04287799791449427
1 0.4295291129347401 0.5953806047966632 0.013688940992575215 0.028425443169968707
0 0.4392008597108245 0.612043795620438 0.011438061742868301 0.02035453597497391
0 0.9620203204376709 0.8798905109489051 0.04322782336850328 0.05771637122002088
0 0.9916529894490036 0.9012825860271115 0.016694021101992886 0.05509906152241922
2 0.6773290347792106 0.7131074035453597 0.029484173505275515 0.0402502606882168
21 0.4699101211410707 0.6361835245046924 0.011723329425556858 0.015849843587069912
1 0.26607268464243844 0.6192440041710114 0.07141070730754201 0.08772679874869656
0 0.4323583431027745 0.6712982273201252 0.030398593200468917 0.0639728884254432
2 0.8000566627588903 0.7611783107403546 0.033376318874560405 0.04890510948905107
0 0.9224247753028527 0.8563086548488009 0.039957014458772956 0.061209593326381574
2 0.7522645564673701 0.6943378519290927 0.026865963266901133 0.04287799791449427
1 0.4295291129347401 0.5953806047966632 0.013688940992575215 0.028425443169968707
0 0.4392008597108245 0.612043795620438 0.011438061742868301 0.02035453597497391
0 0.9620203204376709 0.8798905109489051 0.04322782336850328 0.05771637122002088
0 0.9916529894490036 0.9012825860271115 0.016694021101992886 0.05509906152241922
