0 0.39533893395133257 0.4391666666666667 0.02392236384704517 0.04328828828828826
0 0.3611906141367323 0.46388888888888896 0.03289107763615295 0.06651651651651654
0 0.43062282734646584 0.42963963963963964 0.021488991888760092 0.03411411411411416
1 0.3018395133256084 0.40424924924924927 0.08778099652375435 0.05687687687687691
0 0.34904403244495946 0.5765315315315316 0.07106604866743915 0.15465465465465467
0 0.39533893395133257 0.4391666666666667 0.02392236384704517 0.04328828828828826
0 0.3611906141367323 0.46388888888888896 0.03289107763615295 0.06651651651651654
0 0.43062282734646584 0.42963963963963964 0.021488991888760092 0.03411411411411416
1 0.3018395133256084 0.40424924924924927 0.08778099652375435 0.05687687687687691
0 0.34904403244495946 0.5765315315315316 0.07106604866743915 0.15465465465465467
