16 0.22928736964078794 0.491066066066066 0.003186558516801854 0.03558558558558557
16 0.3659443800695249 0.49205705705705705 0.0025028968713788737 0.03585585585585585
7 0.40964078794901504 0.39388888888888884 0.009791425260718412 0.02462462462462459
0 0.33719582850521435 0.5562312312312312 0.04414831981460026 0.09474474474474479
6 0.3751071842410197 0.43678678678678673 0.008070683661645393 0.020120120120120173
0 0.18740730011587486 0.506006006006006 0.06527809965237544 0.05975975975975969
16 0.352630359212051 0.4715165165165165 0.0015990730011587434 0.01999999999999999
0 0.33343279258400926 0.45527027027027034 0.008823870220162235 0.017507507507507545
16 0.26413093858632675 0.47187687687687685 0.0019698725376593148 0.02162162162162167
0 0.3040556199304751 0.5180180180180181 0.04206257242178449 0.0684684684684685
0 0.32546639629200463 0.4725975975975976 0.014316338354577077 0.03138138138138135
16 0.29550405561993043 0.45160660660660656 0.00168018539976827 0.015915915915915863
16 0.22928736964078794 0.491066066066066 0.003186558516801854 0.03558558558558557
16 0.3659443800695249 0.49205705705705705 0.0025028968713788737 0.03585585585585585
7 0.40964078794901504 0.39388888888888884 0.009791425260718412 0.02462462462462459
0 0.33719582850521435 0.5562312312312312 0.04414831981460026 0.09474474474474479
6 0.3751071842410197 0.43678678678678673 0.008070683661645393 0.020120120120120173
0 0.18740730011587486 0.506006006006006 0.06527809965237544 0.05975975975975969
16 0.352630359212051 0.4715165165165165 0.0015990730011587434 0.01999999999999999
0 0.33343279258400926 0.45527027027027034 0.008823870220162235 0.017507507507507545
16 0.26413093858632675 0.47187687687687685 0.0019698725376593148 0.02162162162162167
0 0.3040556199304751 0.5180180180180181 0.04206257242178449 0.0684684684684685
0 0.32546639629200463 0.4725975975975976 0.014316338354577077 0.03138138138138135
16 0.29550405561993043 0.45160660660660656 0.00168018539976827 0.015915915915915863
