21 0.3767468134414832 0.3906756756756757 0.013482039397450742 0.01984984984984985
21 0.28968713789107764 0.3895945945945946 0.00961761297798379 0.019609609609609613
16 0.2176853997682503 0.30003003003003004 0.0021726535341830824 0.025375375375375382
8 0.3227694090382387 0.27905405405405403 0.0062572421784472506 0.015765765765765764
16 0.19116454229432212 0.29965465465465463 0.0020278099652375433 0.025375375375375382
7 0.5488209733487833 0.30302552552552553 0.06724797219003473 0.030375375375375404
8 0.4408314020857474 0.2609534534534535 0.019519119351100844 0.035240240240240236
8 0.32265353418308224 0.2993243243243244 0.004519119351100785 0.023873873873873883
21 0.08146002317497103 0.42620120120120125 0.02190034762456547 0.031081081081081065
21 0.31128041714947857 0.5884309309309309 0.05238702201622249 0.09382882882882884
0 0.2925840092699884 0.3406906906906907 0.0297798377752028 0.06426426426426428
21 0.16925840092699884 0.3489489489489489 0.008876013904982615 0.01261261261261262
21 0.3767468134414832 0.3906756756756757 0.013482039397450742 0.01984984984984985
21 0.28968713789107764 0.3895945945945946 0.00961761297798379 0.019609609609609613
16 0.2176853997682503 0.30003003003003004 0.0021726535341830824 0.025375375375375382
8 0.3227694090382387 0.27905405405405403 0.0062572421784472506 0.015765765765765764
16 0.19116454229432212 0.29965465465465463 0.0020278099652375433 0.025375375375375382
7 0.5488209733487833 0.30302552552552553 0.06724797219003473 0.030375375375375404
8 0.4408314020857474 0.2609534534534535 0.019519119351100844 0.035240240240240236
8 0.32265353418308224 0.2993243243243244 0.004519119351100785 0.023873873873873883
21 0.08146002317497103 0.42620120120120125 0.02190034762456547 0.031081081081081065
21 0.31128041714947857 0.5884309309309309 0.05238702201622249 0.09382882882882884
0 0.2925840092699884 0.3406906906906907 0.0297798377752028 0.06426426426426428
21 0.16925840092699884 0.3489489489489489 0.008876013904982615 0.01261261261261262
