21 0.24800115874855158 0.5126126126126126 0.0133835457705678 0.021321321321321304
11 0.3578186558516802 0.40912912912912913 0.008105446118192357 0.020630630630630645
10 0.3144177288528389 0.3685810810810811 0.004895712630359173 0.012417417417417432
0 0.25210312862108925 0.3638588588588588 0.008771726535341823 0.015225225225225247
21 0.4200086906141367 0.5613288288288288 0.03491888760139055 0.02836336336336343
0 0.3152375434530707 0.461036036036036 0.019698725376593278 0.03948948948948951
0 0.2748986095017381 0.37840090090090095 0.009588644264194677 0.018663663663663673
21 0.21477694090382385 0.5912987987987988 0.019206257242178434 0.034219219219219166
3 0.29423522595596757 0.3933933933933934 0.01998841251448436 0.059159159159159126
21 0.7178418308227114 0.8869069069069069 0.22074739281575897 0.21057057057057058
21 0.24800115874855158 0.5126126126126126 0.0133835457705678 0.021321321321321304
11 0.3578186558516802 0.40912912912912913 0.008105446118192357 0.020630630630630645
10 0.3144177288528389 0.3685810810810811 0.004895712630359173 0.012417417417417432
0 0.25210312862108925 0.3638588588588588 0.008771726535341823 0.015225225225225247
21 0.4200086906141367 0.5613288288288288 0.03491888760139055 0.02836336336336343
0 0.3152375434530707 0.461036036036036 0.019698725376593278 0.03948948948948951
0 0.2748986095017381 0.37840090090090095 0.009588644264194677 0.018663663663663673
21 0.21477694090382385 0.5912987987987988 0.019206257242178434 0.034219219219219166
3 0.29423522595596757 0.3933933933933934 0.01998841251448436 0.059159159159159126
21 0.7178418308227114 0.8869069069069069 0.22074739281575897 0.21057057057057058
