0 0.8540353418308227 0.47775525525525525 0.11816338354577059 0.09301801801801808
5 0.8895770567786789 0.3889114114114114 0.08214368482039396 0.15941441441441445
0 0.705388180764774 0.4725525525525526 0.11158748551564306 0.09483483483483487
8 0.8789426419466976 0.5592267267267267 0.07919466975666284 0.17283783783783785
0 0.4881720741599073 0.5759984984984985 0.09874275782155269 0.1603153153153153
2 0.9575782155272305 0.4436336336336336 0.08484356894553885 0.1563063063063063
8 0.07864426419466976 0.6580030030030031 0.09694090382387022 0.24603603603603597
3 0.40379490150637315 0.41351351351351345 0.1756083429895713 0.19309309309309308
7 0.9508980301274623 0.4300675675675676 0.09820393974507532 0.049924924924924924
0 0.8540353418308227 0.47775525525525525 0.11816338354577059 0.09301801801801808
5 0.8895770567786789 0.3889114114114114 0.08214368482039396 0.15941441441441445
0 0.705388180764774 0.4725525525525526 0.11158748551564306 0.09483483483483487
8 0.8789426419466976 0.5592267267267267 0.07919466975666284 0.17283783783783785
0 0.4881720741599073 0.5759984984984985 0.09874275782155269 0.1603153153153153
2 0.9575782155272305 0.4436336336336336 0.08484356894553885 0.1563063063063063
8 0.07864426419466976 0.6580030030030031 0.09694090382387022 0.24603603603603597
3 0.40379490150637315 0.41351351351351345 0.1756083429895713 0.19309309309309308
7 0.9508980301274623 0.4300675675675676 0.09820393974507532 0.049924924924924924
