16 0.5462398609501737 0.3994519519519519 0.0017960602549246946 0.022087087087087058
16 0.7331981460023175 0.5762237237237237 0.0090845886442641 0.1159009009009009
16 0.6330793742757822 0.3826876876876877 0.0011645422943221267 0.01306306306306309
3 0.6066657010428738 0.3844294294294295 0.026297798377751955 0.09162162162162164
7 0.681361529548088 0.36506006006006003 0.017323290845886494 0.048768768768768796
16 0.4987572421784473 0.42478978978978976 0.002103128621089221 0.03399399399399406
16 0.6574101969872538 0.4251801801801801 0.003592120509849389 0.031981981981982
16 0.6429837775202781 0.39905405405405403 0.002317497103128621 0.02117117117117112
16 0.28636442641946697 0.5378453453453453 0.006367323290845892 0.09496996996996997
10 0.6872856315179606 0.37107357357357357 0.015926998841251455 0.03674174174174174
0 0.6006373117033604 0.4331231231231232 0.024565469293163437 0.047177177177177204
6 0.7923117033603708 0.3899774774774775 0.039930475086906184 0.08791291291291294
16 0.6366425260718425 0.3877927927927928 0.0024971031286210575 0.017267267267267225
