0 0.36204794163626886 0.5805910987482614 0.056769150599270485 0.11834492350486792
7 0.8678478374153206 0.4653685674547984 0.09004689942678476 0.2695410292072323
0 0.42719906201146435 0.4438734353268428 0.012209484106305341 0.021154381084840027
0 0.41748306409588326 0.47073713490959673 0.018082334549244423 0.03655076495132132
16 0.46090411672746223 0.4830389429763561 0.024257425742574234 0.008636995827538298
21 0.5155575820739969 0.7187482614742697 0.12501823866597184 0.083115438108484
0 0.43165711307972904 0.4315646731571627 0.00872329338196978 0.015424200278164083
0 0.36204794163626886 0.5805910987482614 0.056769150599270485 0.11834492350486792
7 0.8678478374153206 0.4653685674547984 0.09004689942678476 0.2695410292072323
0 0.42719906201146435 0.4438734353268428 0.012209484106305341 0.021154381084840027
0 0.41748306409588326 0.47073713490959673 0.018082334549244423 0.03655076495132132
16 0.46090411672746223 0.4830389429763561 0.024257425742574234 0.008636995827538298
21 0.5155575820739969 0.7187482614742697 0.12501823866597184 0.083115438108484
0 0.43165711307972904 0.4315646731571627 0.00872329338196978 0.015424200278164083
