0 0.5162819176654507 0.5218776077885953 0.006466909848879668 0.011961057023643902
0 0.49905680041688383 0.5312586926286509 0.009463262115685236 0.016648122392211362
1 0.47597707139134965 0.5294228094575799 0.02173006774361649 0.05920723226703754
1 0.4025534132360605 0.5452712100139082 0.10922355393434076 0.26300417246175245
16 0.5433767587285044 0.5513769123783032 0.0018238665971860343 0.0216968011126565
0 0.5162819176654507 0.5218776077885953 0.006466909848879668 0.011961057023643902
0 0.49905680041688383 0.5312586926286509 0.009463262115685236 0.016648122392211362
1 0.47597707139134965 0.5294228094575799 0.02173006774361649 0.05920723226703754
1 0.4025534132360605 0.5452712100139082 0.10922355393434076 0.26300417246175245
16 0.5433767587285044 0.5513769123783032 0.0018238665971860343 0.0216968011126565
