0 0.043736321000521106 0.4247287899860918 0.009504950495049503 0.020027816411682862
0 0.4670401250651381 0.5689847009735745 0.010995310057321473 0.02280945757997223
20 0.5403960396039604 0.09694019471488179 0.027816571130797288 0.19388038942976357
20 0.6873110995310058 0.5136995827538248 0.023189161021365295 0.13232267037552162
0 0.47263157894736846 0.5599026425591099 0.009327774882751421 0.019193324061196122
0 0.4932673267326732 0.5549652294853964 0.006201146430432505 0.01488178025034769
5 0.6910630536737885 0.35757301808066766 0.03110995310057324 0.07556328233657857
0 0.9250260552371027 0.605048678720445 0.0733767587285044 0.05479833101529907
0 0.043736321000521106 0.4247287899860918 0.009504950495049503 0.020027816411682862
0 0.4670401250651381 0.5689847009735745 0.010995310057321473 0.02280945757997223
20 0.5403960396039604 0.09694019471488179 0.027816571130797288 0.19388038942976357
20 0.6873110995310058 0.5136995827538248 0.023189161021365295 0.13232267037552162
0 0.47263157894736846 0.5599026425591099 0.009327774882751421 0.019193324061196122
0 0.4932673267326732 0.5549652294853964 0.006201146430432505 0.01488178025034769
5 0.6910630536737885 0.35757301808066766 0.03110995310057324 0.07556328233657857
0 0.9250260552371027 0.605048678720445 0.0733767587285044 0.05479833101529907
