20 0.6032569046378322 0.6806745479833101 0.009223553934340826 0.07425591098748267
0 0.6120505471599792 0.7655076495132128 0.062037519541427805 0.05257301808066753
0 0.5126289734236582 0.8574826147426982 0.05135487232933817 0.09966620305980524
0 0.9559536216779573 0.7401599443671766 0.046873371547681106 0.03567454798331012
20 0.5223788431474726 0.47007649513212796 0.014544033350703475 0.08490959666203061
0 0.46843147472642005 0.7271766342141862 0.014768108389786363 0.02789986091794167
10 0.604666492965086 0.596356050069541 0.01797290255341324 0.03919332406119611
0 0.890304846274101 0.741029207232267 0.04272537780093799 0.036717663421418606
0 0.7732569046378323 0.719095966620306 0.13997915581031795 0.08186369958275384
0 0.254254820218864 0.7493184979137691 0.03999478895257944 0.04305980528511827
0 0.3700234497133924 0.7650834492350487 0.05570088587806148 0.06732962447844223
0 0.23413757165190202 0.7620514603616133 0.05795726941115165 0.04791376912378294
0 0.6597576862949451 0.7390055632823366 0.042965085982282464 0.03456189151599447
0 0.5785825951016155 0.7193324061196106 0.06242834809796767 0.0834492350486788
0 0.47454924439812407 0.7237204450625869 0.009577905158936945 0.022656467315716224
20 0.6032569046378322 0.6806745479833101 0.009223553934340826 0.07425591098748267
0 0.6120505471599792 0.7655076495132128 0.062037519541427805 0.05257301808066753
0 0.5126289734236582 0.8574826147426982 0.05135487232933817 0.09966620305980524
0 0.9559536216779573 0.7401599443671766 0.046873371547681106 0.03567454798331012
20 0.5223788431474726 0.47007649513212796 0.014544033350703475 0.08490959666203061
0 0.46843147472642005 0.7271766342141862 0.014768108389786363 0.02789986091794167
10 0.604666492965086 0.596356050069541 0.01797290255341324 0.03919332406119611
0 0.890304846274101 0.741029207232267 0.04272537780093799 0.036717663421418606
0 0.7732569046378323 0.719095966620306 0.13997915581031795 0.08186369958275384
0 0.254254820218864 0.7493184979137691 0.03999478895257944 0.04305980528511827
0 0.3700234497133924 0.7650834492350487 0.05570088587806148 0.06732962447844223
0 0.23413757165190202 0.7620514603616133 0.05795726941115165 0.04791376912378294
0 0.6597576862949451 0.7390055632823366 0.042965085982282464 0.03456189151599447
0 0.5785825951016155 0.7193324061196106 0.06242834809796767 0.0834492350486788
0 0.47454924439812407 0.7237204450625869 0.009577905158936945 0.022656467315716224
