0 0.989822824387702 0.7390264255910988 0.020354351224596116 0.031043115438108396
0 0.7424335591453882 0.7392141863699582 0.046347055758207426 0.03564673157162725
1 0.6721730067743616 0.7184561891515994 0.06996352266805628 0.07883171070931842
0 0.6864434601354872 0.7469680111265646 0.04396560708702455 0.03702364394993046
5 0.6044528400208443 0.5964255910987483 0.01558624283480984 0.03874826147426984
0 0.9532829598749348 0.7391863699582755 0.04372068785825944 0.03470097357440897
0 0.4767170401250651 0.7192002781641168 0.011287128712871271 0.02143254520166894
0 0.4852527357998958 0.711432545201669 0.006774361646690985 0.016189151599443733
0 0.2261933298593017 0.7561961057023643 0.054887962480458595 0.045744089012517364
20 0.522363210005211 0.4700069541029207 0.01471078686816051 0.08424200278164123
0 0.5117613340281397 0.8587482614742699 0.05224596143824908 0.10080667593880376
20 0.6032673267326734 0.6796314325452016 0.009619593538301217 0.07161335187760773
0 0.20752475247524754 0.7618428372739916 0.047462219906201135 0.050417246175243395
1 0.8463496612819177 0.716509040333797 0.14058884835852004 0.07446453407510442
0 0.989822824387702 0.7390264255910988 0.020354351224596116 0.031043115438108396
0 0.7424335591453882 0.7392141863699582 0.046347055758207426 0.03564673157162725
1 0.6721730067743616 0.7184561891515994 0.06996352266805628 0.07883171070931842
0 0.6864434601354872 0.7469680111265646 0.04396560708702455 0.03702364394993046
5 0.6044528400208443 0.5964255910987483 0.01558624283480984 0.03874826147426984
0 0.9532829598749348 0.7391863699582755 0.04372068785825944 0.03470097357440897
0 0.4767170401250651 0.7192002781641168 0.011287128712871271 0.02143254520166894
0 0.4852527357998958 0.711432545201669 0.006774361646690985 0.016189151599443733
0 0.2261933298593017 0.7561961057023643 0.054887962480458595 0.045744089012517364
20 0.522363210005211 0.4700069541029207 0.01471078686816051 0.08424200278164123
0 0.5117613340281397 0.8587482614742699 0.05224596143824908 0.10080667593880376
20 0.6032673267326734 0.6796314325452016 0.009619593538301217 0.07161335187760773
0 0.20752475247524754 0.7618428372739916 0.047462219906201135 0.050417246175243395
1 0.8463496612819177 0.716509040333797 0.14058884835852004 0.07446453407510442
