0 0.5094762897342365 0.8580389429763562 0.06419489317352785 0.10511821974965235
20 0.6032308494007295 0.6801112656467315 0.009067222511724786 0.07143254520166892
20 0.5224257425742574 0.4707232267037552 0.013929129755080781 0.08692628650904033
5 0.6045596664929651 0.5967315716272601 0.01641479937467431 0.03908205841446456
0 0.6276185513288172 0.7563282336578581 0.052944241792600384 0.04673157162726012
0 0.8052110474205315 0.7506745479833101 0.0465867639395519 0.04134909596662033
1 0.7487232933819699 0.7183588317107094 0.1361125586242835 0.08261474269819198
0 0.9077227722772278 0.739116828929068 0.048358520062532544 0.044436717663421325
0 0.46768368942157373 0.7271279554937414 0.013637311099531044 0.028942976356050153
0 0.47225638353309013 0.7246036161335188 0.012454403335070396 0.023087621696800988
1 0.5723006774361646 0.7227468706536856 0.06615424700364776 0.0912517385257302
0 0.5010161542470036 0.717107093184979 0.008077123501823866 0.018636995827538215
0 0.9834028139656071 0.7511126564673156 0.03319437206878585 0.03602225312934628
0 0.43418447107868685 0.7516272600834494 0.05054715997915581 0.047232267037552046
0 0.6464564877540385 0.7409666203059805 0.04507556018759771 0.03489568845618904
0 0.8547081813444503 0.7409944367176635 0.04180823345492445 0.04012517385257305
0 0.9659953100573214 0.7382197496522949 0.048030224075039 0.032211404728789944
1 0.07831422615945804 0.6030598052851183 0.017785304846274098 0.0406397774687065
0 0.5094762897342365 0.8580389429763562 0.06419489317352785 0.10511821974965235
20 0.6032308494007295 0.6801112656467315 0.009067222511724786 0.07143254520166892
20 0.5224257425742574 0.4707232267037552 0.013929129755080781 0.08692628650904033
5 0.6045596664929651 0.5967315716272601 0.01641479937467431 0.03908205841446456
0 0.6276185513288172 0.7563282336578581 0.052944241792600384 0.04673157162726012
0 0.8052110474205315 0.7506745479833101 0.0465867639395519 0.04134909596662033
1 0.7487232933819699 0.7183588317107094 0.1361125586242835 0.08261474269819198
0 0.9077227722772278 0.739116828929068 0.048358520062532544 0.044436717663421325
0 0.46768368942157373 0.7271279554937414 0.013637311099531044 0.028942976356050153
0 0.47225638353309013 0.7246036161335188 0.012454403335070396 0.023087621696800988
1 0.5723006774361646 0.7227468706536856 0.06615424700364776 0.0912517385257302
0 0.5010161542470036 0.717107093184979 0.008077123501823866 0.018636995827538215
0 0.9834028139656071 0.7511126564673156 0.03319437206878585 0.03602225312934628
0 0.43418447107868685 0.7516272600834494 0.05054715997915581 0.047232267037552046
0 0.6464564877540385 0.7409666203059805 0.04507556018759771 0.03489568845618904
0 0.8547081813444503 0.7409944367176635 0.04180823345492445 0.04012517385257305
0 0.9659953100573214 0.7382197496522949 0.048030224075039 0.032211404728789944
1 0.07831422615945804 0.6030598052851183 0.017785304846274098 0.0406397774687065
