0 0.488019801980198 0.744749652294854 0.02825429911412195 0.0410152990264256
1 0.4160760812923398 0.7538734353268428 0.06268890046899431 0.18037552155771905
0 0.21096143824908808 0.7509805285118221 0.030364773319437228 0.04724617524339364
0 0.9085799895779052 0.740125173852573 0.047884314747264255 0.0368567454798331
0 0.46737623762376235 0.7273922114047288 0.013658155289213152 0.030305980528511772
0 0.6470661803022407 0.7404102920723227 0.045044293903074545 0.03631432545201671
20 0.6033116206357478 0.6811335187760779 0.008697238144867028 0.07191933240611965
20 0.5220427305888483 0.47141863699582753 0.014382490880667027 0.08748261474269817
10 0.6046248045857218 0.5960987482614744 0.018504429390307445 0.03951321279554941
1 0.7488353309015111 0.7195827538247566 0.13713913496612812 0.08242002781641167
0 0.8557790515893695 0.7410987482614743 0.045044293903074545 0.03852573018080674
0 0.5114304325169359 0.8582962447844228 0.05005211047420535 0.10246175243393613
1 0.5780823345492445 0.7211474269819194 0.06623241271495578 0.07842837273991661
0 0.488019801980198 0.744749652294854 0.02825429911412195 0.0410152990264256
1 0.4160760812923398 0.7538734353268428 0.06268890046899431 0.18037552155771905
0 0.21096143824908808 0.7509805285118221 0.030364773319437228 0.04724617524339364
0 0.9085799895779052 0.740125173852573 0.047884314747264255 0.0368567454798331
0 0.46737623762376235 0.7273922114047288 0.013658155289213152 0.030305980528511772
0 0.6470661803022407 0.7404102920723227 0.045044293903074545 0.03631432545201671
20 0.6033116206357478 0.6811335187760779 0.008697238144867028 0.07191933240611965
20 0.5220427305888483 0.47141863699582753 0.014382490880667027 0.08748261474269817
10 0.6046248045857218 0.5960987482614744 0.018504429390307445 0.03951321279554941
1 0.7488353309015111 0.7195827538247566 0.13713913496612812 0.08242002781641167
0 0.8557790515893695 0.7410987482614743 0.045044293903074545 0.03852573018080674
0 0.5114304325169359 0.8582962447844228 0.05005211047420535 0.10246175243393613
1 0.5780823345492445 0.7211474269819194 0.06623241271495578 0.07842837273991661
