0 0.257391870766024 0.7563212795549373 0.05384575299635229 0.05286509040333796
0 0.38175351745700886 0.8476495132127956 0.06546638874413757 0.12297635605006949
20 0.6332855653986452 0.6730250347705146 0.012428348097967763 0.09011126564673153
1 0.031115164147993746 0.6395410292072322 0.06223032829598749 0.17237830319888725
0 0.6604325169359041 0.7573713490959666 0.04797290255341333 0.04881780250347708
1 0.4342574257425742 0.7304728789986092 0.08917144346013549 0.10428372739916553
20 0.5314747264200105 0.4095966620305981 0.01771756122980725 0.1104311543810848
0 0.39225117248566965 0.7822253129346314 0.0529129755080771 0.08728789986091792
5 0.6346221990620116 0.5694923504867873 0.01986451276706624 0.05044506258692634
7 0.49115685252735797 0.6446175243393603 0.041573736321000504 0.0434770514603616
0 0.257391870766024 0.7563212795549373 0.05384575299635229 0.05286509040333796
0 0.38175351745700886 0.8476495132127956 0.06546638874413757 0.12297635605006949
20 0.6332855653986452 0.6730250347705146 0.012428348097967763 0.09011126564673153
1 0.031115164147993746 0.6395410292072322 0.06223032829598749 0.17237830319888725
0 0.6604325169359041 0.7573713490959666 0.04797290255341333 0.04881780250347708
1 0.4342574257425742 0.7304728789986092 0.08917144346013549 0.10428372739916553
20 0.5314747264200105 0.4095966620305981 0.01771756122980725 0.1104311543810848
0 0.39225117248566965 0.7822253129346314 0.0529129755080771 0.08728789986091792
5 0.6346221990620116 0.5694923504867873 0.01986451276706624 0.05044506258692634
7 0.49115685252735797 0.6446175243393603 0.041573736321000504 0.0434770514603616
