7 0.4912558624283481 0.6398052851182198 0.04308494007295464 0.07699582753824759
20 0.6348749348619072 0.6490472878998609 0.012793121417404874 0.08991655076495136
5 0.6357998957790515 0.5405493741307371 0.02042730588848361 0.04574408901251745
20 0.5322329338196977 0.3796522948539639 0.019494528400208426 0.11552155771905424
1 0.5252579468473163 0.6960222531293463 0.20226159458051068 0.13229485396383867
1 0.40088587806149034 0.7212795549374131 0.09379885356956748 0.18470097357440893
0 0.18593538301198542 0.7399721835883171 0.06566961959353829 0.068817802503477
7 0.4912558624283481 0.6398052851182198 0.04308494007295464 0.07699582753824759
20 0.6348749348619072 0.6490472878998609 0.012793121417404874 0.08991655076495136
5 0.6357998957790515 0.5405493741307371 0.02042730588848361 0.04574408901251745
20 0.5322329338196977 0.3796522948539639 0.019494528400208426 0.11552155771905424
1 0.5252579468473163 0.6960222531293463 0.20226159458051068 0.13229485396383867
1 0.40088587806149034 0.7212795549374131 0.09379885356956748 0.18470097357440893
0 0.18593538301198542 0.7399721835883171 0.06566961959353829 0.068817802503477
