0 0.3683298593017197 0.4248400556328234 0.03040646169880147 0.06375521557719051
1 0.6359900990099011 0.7560292072322671 0.37443981240229285 0.4873018080667594
0 0.3486216779572694 0.3890125173852574 0.028759770713913526 0.05257301808066761
17 0.28688379364252214 0.2829485396383866 0.005554976550286591 0.038776077885952706
0 0.33411412193850965 0.35898470097357443 0.023277748827514308 0.05109874826147428
18 0.319304325169359 0.2828372739916551 0.0031631057842626035 0.021196105702364368
0 0.322892131318395 0.33689151599443673 0.02178217821782176 0.0419054242002782
9 0.6050990099009901 0.608490959666203 0.018910891089108893 0.047579972183588365
9 0.4171756122980719 0.34351182197496527 0.0090776446065659 0.021821974965229522
0 0.40894997394476296 0.5312169680111265 0.043965607087024496 0.09428372739916546
0 0.43218082334549246 0.6137204450625869 0.05705575820739969 0.12310152990264255
16 0.1510343929129755 0.9749443671766342 0.011980198019801986 0.05011126564673153
0 0.38964043772798335 0.471029207232267 0.03895779051589369 0.07312934631432542
0 0.24879364252214695 0.28409596662030595 0.024236581552892128 0.03211404728789986
17 0.27509900990099007 0.280403337969402 0.005664408546117772 0.036745479833101516
16 0.3965789473684211 0.36273296244784425 0.0025482021886399095 0.03464534075104311
2 0.30429650859822827 0.29968011126564675 0.02774882751433038 0.07454798331015303
16 0.22541167274622198 0.38931849791376905 0.005132881709223566 0.044033379694019506
0 0.3683298593017197 0.4248400556328234 0.03040646169880147 0.06375521557719051
1 0.6359900990099011 0.7560292072322671 0.37443981240229285 0.4873018080667594
0 0.3486216779572694 0.3890125173852574 0.028759770713913526 0.05257301808066761
17 0.28688379364252214 0.2829485396383866 0.005554976550286591 0.038776077885952706
0 0.33411412193850965 0.35898470097357443 0.023277748827514308 0.05109874826147428
18 0.319304325169359 0.2828372739916551 0.0031631057842626035 0.021196105702364368
0 0.322892131318395 0.33689151599443673 0.02178217821782176 0.0419054242002782
9 0.6050990099009901 0.608490959666203 0.018910891089108893 0.047579972183588365
9 0.4171756122980719 0.34351182197496527 0.0090776446065659 0.021821974965229522
0 0.40894997394476296 0.5312169680111265 0.043965607087024496 0.09428372739916546
0 0.43218082334549246 0.6137204450625869 0.05705575820739969 0.12310152990264255
16 0.1510343929129755 0.9749443671766342 0.011980198019801986 0.05011126564673153
0 0.38964043772798335 0.471029207232267 0.03895779051589369 0.07312934631432542
0 0.24879364252214695 0.28409596662030595 0.024236581552892128 0.03211404728789986
17 0.27509900990099007 0.280403337969402 0.005664408546117772 0.036745479833101516
16 0.3965789473684211 0.36273296244784425 0.0025482021886399095 0.03464534075104311
2 0.30429650859822827 0.29968011126564675 0.02774882751433038 0.07454798331015303
16 0.22541167274622198 0.38931849791376905 0.005132881709223566 0.044033379694019506
