0 0.9449270453361126 0.19461752433936022 0.0037884314747264106 0.008539638386648103
7 0.6633090151120374 0.22668984700973577 0.10020844189682124 0.14119610570236438
11 0.6042939030745179 0.3863282336578581 0.011672746221990549 0.03045897079276778
17 0.9754273058884835 0.22515994436717662 0.007561229807191241 0.04125173852573018
0 0.5058806670140699 0.1122809457579972 0.007811360083376764 0.017051460361613358
17 0.6736737884314749 0.7660152990264256 0.022803543512245956 0.13161335187760786
16 0.5244841063053673 0.2385326842837274 0.0024648254299114215 0.026745479833101556
17 0.6788249088066701 0.8599652294853964 0.025987493486190668 0.1512795549374132
16 0.5952787910369985 0.4182475660639778 0.003751954142782723 0.04784422809457585
17 0.9606826472120896 0.21450625869262863 0.004220948410630489 0.027732962447844223
0 0.48354090672225114 0.17394297635605008 0.011188118811881202 0.027496522948539614
0 0.4875169359041167 0.14015994436717663 0.009124544033350699 0.01965229485396385
16 0.40702970297029706 0.43093184979137694 0.0036581552892131224 0.05691237830319891
1 0.7299348619072433 0.6782267037552155 0.21486711829077654 0.47083449235048674
0 0.488548723293382 0.22927677329624477 0.014252214695153738 0.034075104311543813
0 0.5115085982282439 0.32479137691237825 0.023548723293381937 0.052642559109874816
17 0.705695674830641 0.9432267037552157 0.017165190203230877 0.11354659248956883
0 0.5418290776446065 0.4387134909596662 0.03473684210526308 0.07305980528511818
