6 0.35869351100811125 0.37117117117117115 0.010654692931633828 0.02792792792792792
7 0.1331981460023175 0.30247747747747744 0.014368482039397458 0.09324324324324323
7 0.3383516801853998 0.3468843843843844 0.029287369640787923 0.05253753753753755
13 0.34543163383545766 0.3684609609609609 0.013516801853997706 0.03418918918918916
13 0.5071639629200464 0.3873798798798799 0.05971610660486671 0.14265765765765764
6 0.35869351100811125 0.37117117117117115 0.010654692931633828 0.02792792792792792
7 0.1331981460023175 0.30247747747747744 0.014368482039397458 0.09324324324324323
7 0.3383516801853998 0.3468843843843844 0.029287369640787923 0.05253753753753755
13 0.34543163383545766 0.3684609609609609 0.013516801853997706 0.03418918918918916
13 0.5071639629200464 0.3873798798798799 0.05971610660486671 0.14265765765765764
