4 0.6008893395133256 0.343506006006006 0.013296639629200357 0.013708708708708701
0 0.09464078794901508 0.42484984984984986 0.06251448435689455 0.09114114114114116
2 0.2981749710312862 0.35923423423423423 0.023928157589802986 0.0755255255255255
21 0.32629200463499425 0.4359009009009009 0.01879490150637308 0.01474474474474482
8 0.45148609501738124 0.3668618618618618 0.006042873696407916 0.01924924924924928
8 0.4518626882966396 0.3471096096096096 0.007804171494785648 0.018273273273273254
7 0.46162224797219004 0.3156231231231231 0.024808806488991853 0.018603603603603625
12 0.4942381228273465 0.3476051051051051 0.01498841251448436 0.015330330330330343
21 0.4131923522595597 0.4392492492492492 0.020220162224797205 0.015465465465465483
4 0.6008893395133256 0.343506006006006 0.013296639629200357 0.013708708708708701
0 0.09464078794901508 0.42484984984984986 0.06251448435689455 0.09114114114114116
2 0.2981749710312862 0.35923423423423423 0.023928157589802986 0.0755255255255255
21 0.32629200463499425 0.4359009009009009 0.01879490150637308 0.01474474474474482
8 0.45148609501738124 0.3668618618618618 0.006042873696407916 0.01924924924924928
8 0.4518626882966396 0.3471096096096096 0.007804171494785648 0.018273273273273254
7 0.46162224797219004 0.3156231231231231 0.024808806488991853 0.018603603603603625
12 0.4942381228273465 0.3476051051051051 0.01498841251448436 0.015330330330330343
21 0.4131923522595597 0.4392492492492492 0.020220162224797205 0.015465465465465483
