16 0.06410776361529548 0.4462612612612613 0.0028389339513325558 0.04351351351351346
1 0.2838122827346466 0.36819819819819816 0.015712630359212054 0.03807807807807806
0 0.12661066048667438 0.38950450450450447 0.012468134414831971 0.02447447447447449
0 0.3261732329084589 0.38651651651651653 0.010724217844727688 0.019969969969969945
1 0.36500289687137893 0.3818993993993994 0.02885863267670912 0.10385885885885889
0 0.3818916570104287 0.44250750750750756 0.030411355735805334 0.05927927927927922
0 0.2891743916570104 0.40665165165165174 0.016123986095017372 0.033723723723723696
16 0.48562862108922367 0.45030030030030027 0.0029026651216685928 0.04804804804804805
16 0.2071263035921205 0.44699699699699696 0.002317497103128621 0.04744744744744748
7 0.38287369640787944 0.3493993993993994 0.01676709154113554 0.015015015015015015
16 0.06410776361529548 0.4462612612612613 0.0028389339513325558 0.04351351351351346
1 0.2838122827346466 0.36819819819819816 0.015712630359212054 0.03807807807807806
0 0.12661066048667438 0.38950450450450447 0.012468134414831971 0.02447447447447449
0 0.3261732329084589 0.38651651651651653 0.010724217844727688 0.019969969969969945
1 0.36500289687137893 0.3818993993993994 0.02885863267670912 0.10385885885885889
0 0.3818916570104287 0.44250750750750756 0.030411355735805334 0.05927927927927922
0 0.2891743916570104 0.40665165165165174 0.016123986095017372 0.033723723723723696
16 0.48562862108922367 0.45030030030030027 0.0029026651216685928 0.04804804804804805
16 0.2071263035921205 0.44699699699699696 0.002317497103128621 0.04744744744744748
7 0.38287369640787944 0.3493993993993994 0.01676709154113554 0.015015015015015015
