7 0.5699594438006953 0.2897747747747748 0.009293163383545749 0.020990990990990974
0 0.49604577056778676 0.3290540540540541 0.009067207415990717 0.017267267267267267
21 0.42617033603707993 0.45090090090090085 0.01320973348783318 0.02522522522522524
7 0.5341077636152954 0.29346846846846847 0.015214368482039392 0.03588588588588589
0 0.25199884125144845 0.4057807807807808 0.06355735805330243 0.08663663663663666
2 0.4674391657010428 0.3076726726726727 0.032908458864426456 0.08321321321321323
1 0.07524913093858633 0.35277027027027025 0.15049826187717266 0.21331831831831835
0 0.04299826187717266 0.6128378378378379 0.08599652375434531 0.19594594594594594
7 0.5699594438006953 0.2897747747747748 0.009293163383545749 0.020990990990990974
0 0.49604577056778676 0.3290540540540541 0.009067207415990717 0.017267267267267267
21 0.42617033603707993 0.45090090090090085 0.01320973348783318 0.02522522522522524
7 0.5341077636152954 0.29346846846846847 0.015214368482039392 0.03588588588588589
0 0.25199884125144845 0.4057807807807808 0.06355735805330243 0.08663663663663666
2 0.4674391657010428 0.3076726726726727 0.032908458864426456 0.08321321321321323
1 0.07524913093858633 0.35277027027027025 0.15049826187717266 0.21331831831831835
0 0.04299826187717266 0.6128378378378379 0.08599652375434531 0.19594594594594594
