0 0.2810457705677868 0.4900900900900901 0.031767091541135564 0.0564564564564564
16 0.15603418308227116 0.47785285285285284 0.0018134414831981434 0.03489489489489491
0 0.1210486674391657 0.4362162162162162 0.013093858632676706 0.02267267267267262
16 0.47336906141367324 0.5931156156156155 0.005220162224797213 0.08073573573573571
0 0.15458864426419466 0.4387612612612613 0.0153186558516802 0.024069069069069114
0 0.131071842410197 0.43674174174174174 0.014252607184241017 0.022822822822822893
0 0.06552723059096176 0.430075075075075 0.010718424101969872 0.01756756756756755
16 0.3009965237543453 0.4634234234234234 0.002572421784472801 0.03681681681681679
1 0.07423232908458864 0.41980480480480487 0.01951911935110081 0.05222222222222227
0 0.05082560834298957 0.4263213213213212 0.009356894553881803 0.01756756756756755
0 0.11212630359212052 0.4357657657657658 0.012977983777520265 0.020870870870870924
1 0.09517091541135572 0.41803303303303296 0.025289687137891082 0.05303303303303302
2 0.05756083429895712 0.42557057057057057 0.010312862108922361 0.023873873873873838
0 0.2810457705677868 0.4900900900900901 0.031767091541135564 0.0564564564564564
16 0.15603418308227116 0.47785285285285284 0.0018134414831981434 0.03489489489489491
0 0.1210486674391657 0.4362162162162162 0.013093858632676706 0.02267267267267262
16 0.47336906141367324 0.5931156156156155 0.005220162224797213 0.08073573573573571
0 0.15458864426419466 0.4387612612612613 0.0153186558516802 0.024069069069069114
0 0.131071842410197 0.43674174174174174 0.014252607184241017 0.022822822822822893
0 0.06552723059096176 0.430075075075075 0.010718424101969872 0.01756756756756755
16 0.3009965237543453 0.4634234234234234 0.002572421784472801 0.03681681681681679
1 0.07423232908458864 0.41980480480480487 0.01951911935110081 0.05222222222222227
0 0.05082560834298957 0.4263213213213212 0.009356894553881803 0.01756756756756755
0 0.11212630359212052 0.4357657657657658 0.012977983777520265 0.020870870870870924
1 0.09517091541135572 0.41803303303303296 0.025289687137891082 0.05303303303303302
2 0.05756083429895712 0.42557057057057057 0.010312862108922361 0.023873873873873838
