0 0.2854577056778679 0.6669144144144143 0.09130938586326769 0.18478978978978977
6 0.3544264194669757 0.42757507507507503 0.014183082271147172 0.03830330330330329
6 0.3070336037079954 0.41704204204204204 0.010730011587485572 0.025975975975975906
1 0.2452172653534183 0.4633108108108108 0.06442062572421785 0.21130630630630634
0 0.2597943221320973 0.5547447447447448 0.05190614136732328 0.09171171171171169
0 0.3191164542294322 0.822012012012012 0.1463904982618772 0.3135735735735735
0 0.27378621089223637 0.5990015015015016 0.07108342989571263 0.13713213213213218
0 0.2854577056778679 0.6669144144144143 0.09130938586326769 0.18478978978978977
6 0.3544264194669757 0.42757507507507503 0.014183082271147172 0.03830330330330329
6 0.3070336037079954 0.41704204204204204 0.010730011587485572 0.025975975975975906
1 0.2452172653534183 0.4633108108108108 0.06442062572421785 0.21130630630630634
0 0.2597943221320973 0.5547447447447448 0.05190614136732328 0.09171171171171169
0 0.3191164542294322 0.822012012012012 0.1463904982618772 0.3135735735735735
0 0.27378621089223637 0.5990015015015016 0.07108342989571263 0.13713213213213218
