6 0.24120509849362687 0.4299249249249249 0.024542294322132105 0.06627627627627626
0 0.027627462340672076 0.5470570570570571 0.05077056778679026 0.08366366366366362
16 0.0812630359212051 0.5007207207207207 0.0034183082271147195 0.051651651651651705
9 0.13930764774044033 0.41587837837837843 0.01581112398609501 0.03566066066066066
0 0.05220162224797219 0.6494069069069069 0.0880648899188876 0.1708558558558558
0 0.0812630359212051 0.7767342342342342 0.12994206257242177 0.28557057057057056
1 0.026645422943221322 0.46443693693693694 0.053290845886442645 0.2242792792792793
0 0.04005214368482039 0.5872222222222223 0.06300115874855156 0.12978978978978978
6 0.24120509849362687 0.4299249249249249 0.024542294322132105 0.06627627627627626
0 0.027627462340672076 0.5470570570570571 0.05077056778679026 0.08366366366366362
16 0.0812630359212051 0.5007207207207207 0.0034183082271147195 0.051651651651651705
9 0.13930764774044033 0.41587837837837843 0.01581112398609501 0.03566066066066066
0 0.05220162224797219 0.6494069069069069 0.0880648899188876 0.1708558558558558
0 0.0812630359212051 0.7767342342342342 0.12994206257242177 0.28557057057057056
1 0.026645422943221322 0.46443693693693694 0.053290845886442645 0.2242792792792793
0 0.04005214368482039 0.5872222222222223 0.06300115874855156 0.12978978978978978
