6 0.3312195828505214 0.43146396396396397 0.028012746234067222 0.07298798798798802
0 0.12745654692931635 0.6675900900900901 0.09326767091541137 0.18181681681681686
0 0.165162224797219 0.8345570570570572 0.1429084588644264 0.3190840840840842
0 0.10425840092699884 0.5465315315315316 0.048261877172653525 0.08471471471471474
9 0.2169322132097335 0.417897897897898 0.019136732329084572 0.03537537537537538
1 0.09774623406720742 0.4602102102102102 0.059687137891077637 0.22312312312312316
1 0.01895422943221321 0.4116966966966967 0.03484936268829664 0.11288288288288285
0 0.11471610660486674 0.5957882882882883 0.07010428736964079 0.13304804804804807
1 0.062253765932792575 0.4293393393393393 0.010000000000000004 0.14132132132132133
6 0.3312195828505214 0.43146396396396397 0.028012746234067222 0.07298798798798802
0 0.12745654692931635 0.6675900900900901 0.09326767091541137 0.18181681681681686
0 0.165162224797219 0.8345570570570572 0.1429084588644264 0.3190840840840842
0 0.10425840092699884 0.5465315315315316 0.048261877172653525 0.08471471471471474
9 0.2169322132097335 0.417897897897898 0.019136732329084572 0.03537537537537538
1 0.09774623406720742 0.4602102102102102 0.059687137891077637 0.22312312312312316
1 0.01895422943221321 0.4116966966966967 0.03484936268829664 0.11288288288288285
0 0.11471610660486674 0.5957882882882883 0.07010428736964079 0.13304804804804807
1 0.062253765932792575 0.4293393393393393 0.010000000000000004 0.14132132132132133
