16 0.3328679026651217 0.38584084084084086 0.0030011587485515353 0.05882882882882884
11 0.39456257242178444 0.31033033033033036 0.02126882966396294 0.05879879879879879
0 0.06364716106604866 0.6195945945945945 0.12680764774044032 0.2611111111111112
1 0.15802433371958285 0.35144144144144146 0.08388180764774042 0.28066066066066064
0 0.11946697566628041 0.5036936936936938 0.08163383545770567 0.15720720720720718
0 0.2522595596755504 0.3590840840840841 0.030486674391657014 0.05321321321321321
16 0.3328679026651217 0.38584084084084086 0.0030011587485515353 0.05882882882882884
11 0.39456257242178444 0.31033033033033036 0.02126882966396294 0.05879879879879879
0 0.06364716106604866 0.6195945945945945 0.12680764774044032 0.2611111111111112
1 0.15802433371958285 0.35144144144144146 0.08388180764774042 0.28066066066066064
0 0.11946697566628041 0.5036936936936938 0.08163383545770567 0.15720720720720718
0 0.2522595596755504 0.3590840840840841 0.030486674391657014 0.05321321321321321
