0 0.6713962920046349 0.430015015015015 0.012630359212050959 0.019069069069069054
15 0.6727665121668598 0.49913663663663654 0.007908458864426472 0.009114114114114103
11 0.5759849362688297 0.4346846846846847 0.005272305909617627 0.013813813813813882
8 0.8614426419466975 0.5741741741741742 0.018945538818076504 0.041141141141141195
8 0.9582300115874856 0.5026276276276276 0.008812282734646603 0.024474474474474407
5 0.9596465816917729 0.478003003003003 0.00921205098493619 0.01936936936936942
6 0.9697566628041715 0.5093843843843844 0.013093858632676656 0.02897897897897891
8 0.8593684820393974 0.61746996996997 0.014414831981460086 0.03953453453453451
7 0.5702780996523754 0.39445195195195204 0.01877172653534182 0.031216216216216248
5 0.6731460023174971 0.4830630630630631 0.01002317497103126 0.021021021021021023
0 0.6713962920046349 0.430015015015015 0.012630359212050959 0.019069069069069054
15 0.6727665121668598 0.49913663663663654 0.007908458864426472 0.009114114114114103
11 0.5759849362688297 0.4346846846846847 0.005272305909617627 0.013813813813813882
8 0.8614426419466975 0.5741741741741742 0.018945538818076504 0.041141141141141195
8 0.9582300115874856 0.5026276276276276 0.008812282734646603 0.024474474474474407
5 0.9596465816917729 0.478003003003003 0.00921205098493619 0.01936936936936942
6 0.9697566628041715 0.5093843843843844 0.013093858632676656 0.02897897897897891
8 0.8593684820393974 0.61746996996997 0.014414831981460086 0.03953453453453451
7 0.5702780996523754 0.39445195195195204 0.01877172653534182 0.031216216216216248
5 0.6731460023174971 0.4830630630630631 0.01002317497103126 0.021021021021021023
