0 0.2809212050984936 0.3886786786786787 0.008574739281575872 0.014864864864864873
0 0.5307937427578217 0.42807807807807813 0.04177288528389341 0.0519519519519519
1 0.8352838933951333 0.4363363363363364 0.31807647740440326 0.37177177177177173
0 0.46159038238702205 0.4154054054054054 0.029982618771726536 0.03861861861861857
12 0.451460023174971 0.3647072072072072 0.011205098493626902 0.04274774774774775
0 0.2809212050984936 0.3886786786786787 0.008574739281575872 0.014864864864864873
0 0.5307937427578217 0.42807807807807813 0.04177288528389341 0.0519519519519519
1 0.8352838933951333 0.4363363363363364 0.31807647740440326 0.37177177177177173
0 0.46159038238702205 0.4154054054054054 0.029982618771726536 0.03861861861861857
12 0.451460023174971 0.3647072072072072 0.011205098493626902 0.04274774774774775
