10 0.5151100811123986 0.26759009009009005 0.030417149478563152 0.07605105105105106
8 0.2505127462340672 0.38797297297297295 0.011025492468134399 0.028858858858858857
10 0.10528389339513325 0.24067567567567566 0.027555040556199305 0.07600600600600602
20 0.1045973348783314 0.3435885885885886 0.012937427578215518 0.09540540540540543
20 0.25076767091541136 0.35106606606606605 0.006575898030127475 0.041411411411411386
15 0.25091251448435686 0.4298648648648648 0.0068655851680185535 0.05564564564564565
20 0.5156257242178447 0.39257507507507516 0.014333719582850526 0.09767267267267268
10 0.5151100811123986 0.26759009009009005 0.030417149478563152 0.07605105105105106
8 0.2505127462340672 0.38797297297297295 0.011025492468134399 0.028858858858858857
10 0.10528389339513325 0.24067567567567566 0.027555040556199305 0.07600600600600602
20 0.1045973348783314 0.3435885885885886 0.012937427578215518 0.09540540540540543
20 0.25076767091541136 0.35106606606606605 0.006575898030127475 0.041411411411411386
15 0.25091251448435686 0.4298648648648648 0.0068655851680185535 0.05564564564564565
20 0.5156257242178447 0.39257507507507516 0.014333719582850526 0.09767267267267268
