6 0.9604721900347625 0.3855105105105105 0.03004055619930483 0.06681681681681682
11 0.06485515643105445 0.38070570570570567 0.020926998841251453 0.05660660660660659
11 0.3675463499420626 0.37462462462462465 0.014385863267670874 0.03693693693693697
6 0.3495191193511008 0.3737237237237237 0.013325608342989572 0.03453453453453449
12 0.8449015063731171 0.7368468468468469 0.12120509849362691 0.2926726726726728
8 0.8621610660486675 0.454924924924925 0.10266512166859794 0.2621621621621621
0 0.12915990730011587 0.42609609609609606 0.036152954808806495 0.04504504504504504
6 0.9604721900347625 0.3855105105105105 0.03004055619930483 0.06681681681681682
11 0.06485515643105445 0.38070570570570567 0.020926998841251453 0.05660660660660659
11 0.3675463499420626 0.37462462462462465 0.014385863267670874 0.03693693693693697
6 0.3495191193511008 0.3737237237237237 0.013325608342989572 0.03453453453453449
12 0.8449015063731171 0.7368468468468469 0.12120509849362691 0.2926726726726728
8 0.8621610660486675 0.454924924924925 0.10266512166859794 0.2621621621621621
0 0.12915990730011587 0.42609609609609606 0.036152954808806495 0.04504504504504504
