5 0.36301336573511545 0.3950862068965517 0.03210206561360877 0.07666144200626954
0 0.24827156743620898 0.6122413793103448 0.07504860267314704 0.06329153605015674
0 0.8235662211421629 0.6178134796238245 0.10368165249088705 0.07387147335423197
1 0.6596992709599028 0.5512225705329153 0.2340400972053463 0.13542319749216297
20 0.3547296476306197 0.5382836990595612 0.014805589307411911 0.09427899686520373
0 0.1682685297691373 0.5742476489028213 0.01862697448359661 0.038652037617554806
1 0.04155224787363305 0.5592241379310345 0.0831044957472661 0.12010971786833854
20 0.2001670716889429 0.11334639498432601 0.018985419198055895 0.14738244514106583
1 0.33883353584447146 0.5509404388714734 0.20974483596597812 0.13877742946708457
0 0.5478736330498177 0.6214498432601882 0.09719319562575943 0.07108150470219439
2 0.6555741190765493 0.5861912225705329 0.10996962332928303 0.10463949843260187
