2 0.17103128621089222 0.4021171171171171 0.027949015063731177 0.06753753753753756
12 0.22587775202780996 0.42614864864864865 0.012856315179606025 0.024639639639639593
0 0.23989571263035922 0.3968168168168168 0.013974507531865589 0.03171171171171168
7 0.3055619930475087 0.33686186186186184 0.11599073001158748 0.1848348348348348
7 0.3674391657010429 0.4331081081081082 0.11181923522595597 0.060510510510510526
3 0.2077404403244496 0.38204954954954956 0.019188876013904985 0.045420420420420424
11 0.22598493626882968 0.3695945945945946 0.017670915411355737 0.04249249249249251
15 0.22615874855156431 0.40157657657657664 0.01778679026651216 0.019069069069069054
6 0.28009849362688294 0.37447447447447446 0.02346465816917729 0.06336336336336335
0 0.19185110081112397 0.4017717717717718 0.02037659327925841 0.03909909909909913
7 0.35428736964078794 0.5248498498498498 0.08621089223638467 0.1217717717717718
2 0.17103128621089222 0.4021171171171171 0.027949015063731177 0.06753753753753756
12 0.22587775202780996 0.42614864864864865 0.012856315179606025 0.024639639639639593
0 0.23989571263035922 0.3968168168168168 0.013974507531865589 0.03171171171171168
7 0.3055619930475087 0.33686186186186184 0.11599073001158748 0.1848348348348348
7 0.3674391657010429 0.4331081081081082 0.11181923522595597 0.060510510510510526
3 0.2077404403244496 0.38204954954954956 0.019188876013904985 0.045420420420420424
11 0.22598493626882968 0.3695945945945946 0.017670915411355737 0.04249249249249251
15 0.22615874855156431 0.40157657657657664 0.01778679026651216 0.019069069069069054
6 0.28009849362688294 0.37447447447447446 0.02346465816917729 0.06336336336336335
0 0.19185110081112397 0.4017717717717718 0.02037659327925841 0.03909909909909913
7 0.35428736964078794 0.5248498498498498 0.08621089223638467 0.1217717717717718
