6 0.4774565469293164 0.37714714714714714 0.013024333719582861 0.0329429429429429
0 0.3223928157589803 0.762927927927928 0.14196987253765933 0.3172672672672673
1 0.056462920046349944 0.4130105105105105 0.0876882966396292 0.08196696696696697
7 0.4786529548088065 0.37885885885885884 0.02635573580533025 0.08945945945945948
7 0.5351390498261877 0.37082582582582585 0.101494785631518 0.05303303303303302
0 0.39369930475086906 0.4616291291291292 0.033308227114716114 0.06899399399399397
7 0.6109501738122828 0.4775675675675676 0.081135573580533 0.10954954954954961
6 0.4774565469293164 0.37714714714714714 0.013024333719582861 0.0329429429429429
0 0.3223928157589803 0.762927927927928 0.14196987253765933 0.3172672672672673
1 0.056462920046349944 0.4130105105105105 0.0876882966396292 0.08196696696696697
7 0.4786529548088065 0.37885885885885884 0.02635573580533025 0.08945945945945948
7 0.5351390498261877 0.37082582582582585 0.101494785631518 0.05303303303303302
0 0.39369930475086906 0.4616291291291292 0.033308227114716114 0.06899399399399397
7 0.6109501738122828 0.4775675675675676 0.081135573580533 0.10954954954954961
