16 0.26125724217844726 0.4334084084084084 0.0017960602549246946 0.04054054054054054
16 0.36385863267670915 0.40582582582582577 0.0017960602549246946 0.026066066066066002
16 0.23041135573580532 0.4130255255255255 0.0017960602549246946 0.03055555555555559
7 0.4529721900347624 0.4061936936936937 0.028702201622248017 0.04127627627627629
16 0.3233951332560835 0.4104654654654655 0.0017960602549246946 0.029339339339339285
11 0.5693279258400927 0.37035285285285285 0.01818076477404403 0.04773273273273276
2 0.4676738122827346 0.3855105105105105 0.020110081112398565 0.04534534534534537
7 0.4387862108922364 0.37065315315315317 0.014640787949015053 0.04839339339339342
0 0.2956286210892236 0.5049324324324325 0.05138470451911935 0.10115615615615617
7 0.4355243337195828 0.3655855855855856 0.04225376593279256 0.023063063063063043
16 0.2555561993047509 0.4258633633633634 0.0017960602549246616 0.03641141141141141
16 0.26125724217844726 0.4334084084084084 0.0017960602549246946 0.04054054054054054
16 0.36385863267670915 0.40582582582582577 0.0017960602549246946 0.026066066066066002
16 0.23041135573580532 0.4130255255255255 0.0017960602549246946 0.03055555555555559
7 0.4529721900347624 0.4061936936936937 0.028702201622248017 0.04127627627627629
16 0.3233951332560835 0.4104654654654655 0.0017960602549246946 0.029339339339339285
11 0.5693279258400927 0.37035285285285285 0.01818076477404403 0.04773273273273276
2 0.4676738122827346 0.3855105105105105 0.020110081112398565 0.04534534534534537
7 0.4387862108922364 0.37065315315315317 0.014640787949015053 0.04839339339339342
0 0.2956286210892236 0.5049324324324325 0.05138470451911935 0.10115615615615617
7 0.4355243337195828 0.3655855855855856 0.04225376593279256 0.023063063063063043
16 0.2555561993047509 0.4258633633633634 0.0017960602549246616 0.03641141141141141
