5 0.42262456546929317 0.36713213213213214 0.02045191193511012 0.045915915915915935
5 0.16410776361529547 0.36849099099099103 0.017902665121668583 0.04298798798798802
8 0.4224507531865585 0.4126876876876877 0.01581691772885281 0.04159159159159157
7 0.34594438006952494 0.376051051051051 0.032560834298957154 0.032582582582582606
8 0.16480301274623407 0.41103603603603606 0.01454229432213211 0.039489489489489424
21 0.1973638470451912 0.5495495495495496 0.05104287369640786 0.029729729729729662
2 0.26076187717265353 0.383993993993994 0.016946697566628043 0.049669669669669646
1 0.24683082271147158 0.3743468468468468 0.0198957126303592 0.05160660660660661
21 0.3245075318655851 0.5511261261261261 0.04484356894553881 0.029879879879879844
7 0.30249130938586327 0.3712837837837838 0.015318655851680216 0.012777777777777765
5 0.42262456546929317 0.36713213213213214 0.02045191193511012 0.045915915915915935
5 0.16410776361529547 0.36849099099099103 0.017902665121668583 0.04298798798798802
8 0.4224507531865585 0.4126876876876877 0.01581691772885281 0.04159159159159157
7 0.34594438006952494 0.376051051051051 0.032560834298957154 0.032582582582582606
8 0.16480301274623407 0.41103603603603606 0.01454229432213211 0.039489489489489424
21 0.1973638470451912 0.5495495495495496 0.05104287369640786 0.029729729729729662
2 0.26076187717265353 0.383993993993994 0.016946697566628043 0.049669669669669646
1 0.24683082271147158 0.3743468468468468 0.0198957126303592 0.05160660660660661
21 0.3245075318655851 0.5511261261261261 0.04484356894553881 0.029879879879879844
7 0.30249130938586327 0.3712837837837838 0.015318655851680216 0.012777777777777765
