16 0.8881923522595596 0.42918168168168175 0.0026419466975665966 0.029024024024024
7 0.2853707995365006 0.37229729729729727 0.049130938586326806 0.021501501501501534
8 0.4042004634994206 0.406981981981982 0.010254924681344174 0.026786786786786834
5 0.40434530706836613 0.37756756756756754 0.012746234067207415 0.028528528528528486
8 0.27676709154113555 0.38918918918918916 0.010660486674391643 0.02732732732732735
6 0.47056778679026656 0.393018018018018 0.027809965237543453 0.071021021021021
9 0.9942410196987254 0.3712912912912913 0.006836616454229406 0.018318318318318302
16 0.7968308227114715 0.422424924924925 0.0026419466975665966 0.029024024024024
0 0.0727694090382387 0.4281531531531531 0.05388180764774044 0.04669669669669665
16 0.8881923522595596 0.42918168168168175 0.0026419466975665966 0.029024024024024
7 0.2853707995365006 0.37229729729729727 0.049130938586326806 0.021501501501501534
8 0.4042004634994206 0.406981981981982 0.010254924681344174 0.026786786786786834
5 0.40434530706836613 0.37756756756756754 0.012746234067207415 0.028528528528528486
8 0.27676709154113555 0.38918918918918916 0.010660486674391643 0.02732732732732735
6 0.47056778679026656 0.393018018018018 0.027809965237543453 0.071021021021021
9 0.9942410196987254 0.3712912912912913 0.006836616454229406 0.018318318318318302
16 0.7968308227114715 0.422424924924925 0.0026419466975665966 0.029024024024024
0 0.0727694090382387 0.4281531531531531 0.05388180764774044 0.04669669669669665
