12 0.9213325608342989 0.39218468468468465 0.053244495944380126 0.10391891891891893
21 0.31529837775202785 0.7740315315315315 0.14920625724217845 0.10743243243243236
0 0.11737253765932792 0.8205255255255256 0.23474507531865585 0.35894894894894896
10 0.7832937427578216 0.37505255255255254 0.026726535341830754 0.06001501501501497
0 0.4398754345307069 0.5963138138138138 0.10373696407879487 0.180015015015015
0 0.5035515643105446 0.39390390390390395 0.01628041714947851 0.03072072072072069
12 0.9213325608342989 0.39218468468468465 0.053244495944380126 0.10391891891891893
21 0.31529837775202785 0.7740315315315315 0.14920625724217845 0.10743243243243236
0 0.11737253765932792 0.8205255255255256 0.23474507531865585 0.35894894894894896
10 0.7832937427578216 0.37505255255255254 0.026726535341830754 0.06001501501501497
0 0.4398754345307069 0.5963138138138138 0.10373696407879487 0.180015015015015
0 0.5035515643105446 0.39390390390390395 0.01628041714947851 0.03072072072072069
