12 0.5059965237543453 0.3799474474474474 0.03360370799536501 0.0885135135135135
8 0.4321060254924682 0.43552552552552554 0.018951332560834255 0.05087087087087087
12 0.0650550405561993 0.3649024024024024 0.006506373117033606 0.020645645645645645
7 0.1101911935110081 0.3693543543543544 0.017856315179606022 0.016846846846846845
8 0.2228823870220162 0.39670420420420416 0.02071263035921205 0.05481981981981981
21 0.3261066048667439 0.6237312312312312 0.06112398609501738 0.0519369369369369
7 0.8476448435689455 0.416036036036036 0.15049246813441483 0.12138138138138138
5 0.4329663962920046 0.37828078078078076 0.024913093858632676 0.05662162162162163
12 0.5059965237543453 0.3799474474474474 0.03360370799536501 0.0885135135135135
8 0.4321060254924682 0.43552552552552554 0.018951332560834255 0.05087087087087087
12 0.0650550405561993 0.3649024024024024 0.006506373117033606 0.020645645645645645
7 0.1101911935110081 0.3693543543543544 0.017856315179606022 0.016846846846846845
8 0.2228823870220162 0.39670420420420416 0.02071263035921205 0.05481981981981981
21 0.3261066048667439 0.6237312312312312 0.06112398609501738 0.0519369369369369
7 0.8476448435689455 0.416036036036036 0.15049246813441483 0.12138138138138138
5 0.4329663962920046 0.37828078078078076 0.024913093858632676 0.05662162162162163
