12 0.7060083376758728 0.5502155771905425 0.006201146430432446 0.01934631432545205
8 0.5287363210005211 0.6221140472878998 0.019588327253778025 0.0487343532684284
2 0.030771235018238665 0.6072878998609179 0.05789473684210526 0.04522948539638384
5 0.7268733715476811 0.5311474269819193 0.0035956227201666825 0.008052851182197524
11 0.5084366857738406 0.6681293463143254 0.0179572694111516 0.04546592489568845
0 0.7477462219906202 0.5239012517385258 0.010656591974986996 0.012809457579972235
1 0.7758467952058363 0.5045757997218359 0.017665450755601806 0.024339360222531293
1 0.5253178738926524 0.544673157162726 0.06916623241271497 0.05499304589707923
12 0.7060083376758728 0.5502155771905425 0.006201146430432446 0.01934631432545205
8 0.5287363210005211 0.6221140472878998 0.019588327253778025 0.0487343532684284
2 0.030771235018238665 0.6072878998609179 0.05789473684210526 0.04522948539638384
5 0.7268733715476811 0.5311474269819193 0.0035956227201666825 0.008052851182197524
11 0.5084366857738406 0.6681293463143254 0.0179572694111516 0.04546592489568845
0 0.7477462219906202 0.5239012517385258 0.010656591974986996 0.012809457579972235
1 0.7758467952058363 0.5045757997218359 0.017665450755601806 0.024339360222531293
1 0.5253178738926524 0.544673157162726 0.06916623241271497 0.05499304589707923
