0 0.05893173527879104 0.1997913769123783 0.006096925482021888 0.0121001390820584
0 0.4615893694632621 0.6712795549374131 0.027326732673267295 0.051905424200278154
0 0.48461698801459097 0.6160500695410293 0.005836373110995334 0.010013908205841509
1 0.33919228764981757 0.6275173852573018 0.0787910369984367 0.12232267037552162
13 0.5730536737884315 0.6092628650904034 0.006930693069306907 0.02336578581362998
0 0.5025898905680042 0.6182336578581363 0.005367378843147449 0.010709318497913753
2 0.45139656070870243 0.6202503477051461 0.010244919228764965 0.02303198887343533
0 0.4949843668577384 0.6263699582753824 0.007446586763939533 0.015577190542420013
0 0.05893173527879104 0.1997913769123783 0.006096925482021888 0.0121001390820584
0 0.4615893694632621 0.6712795549374131 0.027326732673267295 0.051905424200278154
0 0.48461698801459097 0.6160500695410293 0.005836373110995334 0.010013908205841509
1 0.33919228764981757 0.6275173852573018 0.0787910369984367 0.12232267037552162
13 0.5730536737884315 0.6092628650904034 0.006930693069306907 0.02336578581362998
0 0.5025898905680042 0.6182336578581363 0.005367378843147449 0.010709318497913753
2 0.45139656070870243 0.6202503477051461 0.010244919228764965 0.02303198887343533
0 0.4949843668577384 0.6263699582753824 0.007446586763939533 0.015577190542420013
