0 0.44786086503387185 0.631383866481224 0.012772277227722768 0.021515994436717624
0 0.464127149557061 0.6242002781641168 0.00890046899426787 0.01808066759388039
0 0.05340541948931735 0.21178720445062588 0.011292339760291812 0.022851182197496534
0 0.31111255862428344 0.6694923504867872 0.029729025534132338 0.051557719054241995
0 0.4953126628452319 0.64721140472879 0.017295466388744168 0.0321418636995827
1 0.40954142782699327 0.619874826147427 0.04344971339239187 0.0932127955493741
0 0.44786086503387185 0.631383866481224 0.012772277227722768 0.021515994436717624
0 0.464127149557061 0.6242002781641168 0.00890046899426787 0.01808066759388039
0 0.05340541948931735 0.21178720445062588 0.011292339760291812 0.022851182197496534
0 0.31111255862428344 0.6694923504867872 0.029729025534132338 0.051557719054241995
0 0.4953126628452319 0.64721140472879 0.017295466388744168 0.0321418636995827
1 0.40954142782699327 0.619874826147427 0.04344971339239187 0.0932127955493741
