1 0.4950234497133924 0.5383171070931849 0.02443981240229285 0.05382475660639776
2 0.4122459614382491 0.7017385257301807 0.1354872329338197 0.30389429763560494
1 0.019609171443460135 0.4047426981919332 0.027826993225638353 0.03546592489568846
0 0.5142678478374153 0.5499999999999999 0.008337675872850442 0.015994436717663423
1 0.5162871287128713 0.5348052851182197 0.014742053152683671 0.03164116828929068
2 0.061935904116727454 0.41663421418636987 0.016284523189161015 0.03485396383866481
0 0.47037519541427825 0.6608484005563282 0.05549765502866076 0.1292072322670376
1 0.3862167795726941 0.5459666203059805 0.07832204273058882 0.1105702364394993
0 0.060958832725377804 0.4303477051460361 0.013131839499739456 0.021835883171070915
1 0.4950234497133924 0.5383171070931849 0.02443981240229285 0.05382475660639776
2 0.4122459614382491 0.7017385257301807 0.1354872329338197 0.30389429763560494
1 0.019609171443460135 0.4047426981919332 0.027826993225638353 0.03546592489568846
0 0.5142678478374153 0.5499999999999999 0.008337675872850442 0.015994436717663423
1 0.5162871287128713 0.5348052851182197 0.014742053152683671 0.03164116828929068
2 0.061935904116727454 0.41663421418636987 0.016284523189161015 0.03485396383866481
0 0.47037519541427825 0.6608484005563282 0.05549765502866076 0.1292072322670376
1 0.3862167795726941 0.5459666203059805 0.07832204273058882 0.1105702364394993
0 0.060958832725377804 0.4303477051460361 0.013131839499739456 0.021835883171070915
