8 0.32217300677436167 0.4970792767732962 0.013705054715997892 0.12239221140472879
12 0.844400729546639 0.5240890125173854 0.05108389786347054 0.11273991655076496
8 0.5464382490880667 0.4674339360222532 0.01808754559666495 0.04404728789986094
8 0.46580250130276185 0.47454102920723235 0.025674830640958823 0.06563282336578581
8 0.5994137571651903 0.4607997218358832 0.01808754559666495 0.044047287899860864
1 0.042459614382490886 0.1966898470097357 0.042438770192808756 0.04361613351877608
1 0.015075560187597706 0.19568150208623086 0.030151120375195413 0.039012517385257295
8 0.5459301719645648 0.46696105702364393 0.015070349140177096 0.04076495132127956
8 0.5986294945284002 0.461279554937413 0.012016675351745672 0.03265646731571622
8 0.3123684210526316 0.49673157162726006 0.033314226159458026 0.11752433936022254
12 0.8431188118811882 0.5267732962447844 0.03830640958832725 0.09443671766342139
8 0.4670375195414278 0.474874826147427 0.021631057842626363 0.0585952712100139
