1 0.44405158936946326 0.49271905424200274 0.03289734236581553 0.06357440890125171
7 0.5573892652423138 0.44536856745479836 0.011829077644606589 0.022253129346314324
0 0.058217821782178214 0.20725312934631432 0.008817092235539344 0.0190681502086231
7 0.5722146951537259 0.44536856745479836 0.011829077644606589 0.022253129346314324
2 0.5211724856696196 0.4971766342141864 0.010265763418447132 0.031015299026425608
0 0.5114095883272538 0.5157858136300417 0.012668056279312114 0.029179415855354607
1 0.48473163105784267 0.488038942976356 0.017842626367899954 0.03668984700973574
0 0.48007034914017715 0.5710778859527121 0.035211047420531494 0.06735744089012519
1 0.17134966128191767 0.5324756606397775 0.23472642001042207 0.260778859527121
0 0.07267587285044294 0.41292072322670376 0.025289213131839492 0.043031988873435324
0 0.43725898905680044 0.5220723226703755 0.01928087545596665 0.036300417246175276
2 0.5462636789994789 0.491682892906815 0.00854611776967175 0.02086230876216968
0 0.4874153204794163 0.5041933240611961 0.01010943199583115 0.01803894297635609
1 0.44405158936946326 0.49271905424200274 0.03289734236581553 0.06357440890125171
7 0.5573892652423138 0.44536856745479836 0.011829077644606589 0.022253129346314324
0 0.058217821782178214 0.20725312934631432 0.008817092235539344 0.0190681502086231
7 0.5722146951537259 0.44536856745479836 0.011829077644606589 0.022253129346314324
2 0.5211724856696196 0.4971766342141864 0.010265763418447132 0.031015299026425608
0 0.5114095883272538 0.5157858136300417 0.012668056279312114 0.029179415855354607
1 0.48473163105784267 0.488038942976356 0.017842626367899954 0.03668984700973574
0 0.48007034914017715 0.5710778859527121 0.035211047420531494 0.06735744089012519
1 0.17134966128191767 0.5324756606397775 0.23472642001042207 0.260778859527121
0 0.07267587285044294 0.41292072322670376 0.025289213131839492 0.043031988873435324
0 0.43725898905680044 0.5220723226703755 0.01928087545596665 0.036300417246175276
2 0.5462636789994789 0.491682892906815 0.00854611776967175 0.02086230876216968
0 0.4874153204794163 0.5041933240611961 0.01010943199583115 0.01803894297635609
