0 0.4696534653465346 0.5892002781641168 0.009416362688900436 0.02020862308762166
1 0.49147993746743096 0.5711404728789986 0.013392391870766048 0.05388038942976357
1 0.24818655549765503 0.5876216968011126 0.0865346534653465 0.11031988873435333
2 0.5005211047420531 0.5865020862308762 0.02303282959874937 0.07929068150208622
0 0.4547889525794685 0.6233101529902643 0.0229911412193851 0.049624478442280955
0 0.4696534653465346 0.5892002781641168 0.009416362688900436 0.02020862308762166
1 0.49147993746743096 0.5711404728789986 0.013392391870766048 0.05388038942976357
1 0.24818655549765503 0.5876216968011126 0.0865346534653465 0.11031988873435333
2 0.5005211047420531 0.5865020862308762 0.02303282959874937 0.07929068150208622
0 0.4547889525794685 0.6233101529902643 0.0229911412193851 0.049624478442280955
