16 0.6446378322042731 0.6745201668984702 0.003449713392391814 0.05507649513212791
1 0.43125065138092755 0.5708205841446453 0.026065659197498748 0.03933240611961061
1 0.514616988014591 0.6134214186369958 0.05091193329859304 0.17093184979137688
0 0.46948150078165707 0.6206675938803894 0.023069306930693118 0.044144645340751056
16 0.4061881188118812 0.6289847009735744 0.003642522146951542 0.0196383866481224
16 0.6446378322042731 0.6745201668984702 0.003449713392391814 0.05507649513212791
1 0.43125065138092755 0.5708205841446453 0.026065659197498748 0.03933240611961061
1 0.514616988014591 0.6134214186369958 0.05091193329859304 0.17093184979137688
0 0.46948150078165707 0.6206675938803894 0.023069306930693118 0.044144645340751056
16 0.4061881188118812 0.6289847009735744 0.003642522146951542 0.0196383866481224
