0 0.013496612819176653 0.3765855354659249 0.02676393955184992 0.04655076495132128
7 0.5116857738405419 0.4497357440890125 0.03407503908285565 0.07641168289290681
6 0.6336633663366337 0.5645340751043115 0.007087024491922829 0.01808066759388039
7 0.5584262636789994 0.4489986091794159 0.021625846795205836 0.07724617524339362
8 0.5805158936946326 0.5696940194714882 0.009223553934340708 0.01766342141863698
8 0.5974257425742574 0.5732336578581363 0.009223553934340826 0.012086230876216965
8 0.6404715997915581 0.5782058414464535 0.006706618030224018 0.008817802503477017
1 0.5619437206878583 0.5854659248956885 0.020875455966649387 0.07524339360222534
1 0.9055237102657634 0.38817802503477056 0.006774361646690985 0.024033379694019513
1 0.5399765502866077 0.5687760778859527 0.011896821261073557 0.033796940194714895
3 0.5220323084940073 0.5671766342141864 0.008806670140698268 0.018915159944367207
