1 0.3581057842626368 0.5755354659248957 0.04351745700885878 0.07324061196105698
0 0.42445284002084416 0.5842837273991656 0.008051068264721233 0.014742698191933194
0 0.4126107347576863 0.5839777468706536 0.009015112037519576 0.013769123783031956
0 0.46998957790515894 0.5991655076495133 0.013965607087024469 0.027955493741307402
1 0.5016206357477853 0.5852712100139082 0.019645648775403878 0.06884561891515995
1 0.3581057842626368 0.5755354659248957 0.04351745700885878 0.07324061196105698
0 0.42445284002084416 0.5842837273991656 0.008051068264721233 0.014742698191933194
0 0.4126107347576863 0.5839777468706536 0.009015112037519576 0.013769123783031956
0 0.46998957790515894 0.5991655076495133 0.013965607087024469 0.027955493741307402
1 0.5016206357477853 0.5852712100139082 0.019645648775403878 0.06884561891515995
