0 0.23209484106305367 0.9022253129346315 0.20949452840020844 0.19554937413073717
1 0.5279729025534132 0.5687482614742697 0.01482021886399169 0.0404172461752434
1 0.5109692548202188 0.5774687065368568 0.014643043251693601 0.04979137691237832
0 0.44899947889525793 0.5806675938803895 0.011568525273580012 0.013908205841446454
1 0.40247785304846273 0.5679207232267038 0.0392443981240229 0.05887343532684282
0 0.42917144346013547 0.5867176634214186 0.014017717561229796 0.017385257301808066
0 0.23209484106305367 0.9022253129346315 0.20949452840020844 0.19554937413073717
1 0.5279729025534132 0.5687482614742697 0.01482021886399169 0.0404172461752434
1 0.5109692548202188 0.5774687065368568 0.014643043251693601 0.04979137691237832
0 0.44899947889525793 0.5806675938803895 0.011568525273580012 0.013908205841446454
1 0.40247785304846273 0.5679207232267038 0.0392443981240229 0.05887343532684282
0 0.42917144346013547 0.5867176634214186 0.014017717561229796 0.017385257301808066
