1 0.40186816050026053 0.5713630041724618 0.03918186555497652 0.0691515994436718
11 0.6224335591453882 0.5783101529902642 0.009859301719645686 0.027885952712100155
0 0.36558363731109955 0.6004589707927678 0.04361125586242832 0.03732962447844224
11 0.8369046378322043 0.5985744089012517 0.016070870244919305 0.03472878998609183
11 0.7310239708181344 0.5801599443671767 0.012918186555497636 0.03052851182197495
1 0.4868499218342887 0.5809596662030598 0.08250651380927562 0.10289290681502081
1 0.40186816050026053 0.5713630041724618 0.03918186555497652 0.0691515994436718
11 0.6224335591453882 0.5783101529902642 0.009859301719645686 0.027885952712100155
0 0.36558363731109955 0.6004589707927678 0.04361125586242832 0.03732962447844224
11 0.8369046378322043 0.5985744089012517 0.016070870244919305 0.03472878998609183
11 0.7310239708181344 0.5801599443671767 0.012918186555497636 0.03052851182197495
1 0.4868499218342887 0.5809596662030598 0.08250651380927562 0.10289290681502081
