0 0.8453465346534653 0.6643184979137691 0.0979676915059927 0.08399165507649511
0 0.8524882751433038 0.7738803894297634 0.20154768108389787 0.2027260083449234
16 0.9388353309015112 0.4266481223922114 0.0035174570088587808 0.019582753824756584
0 0.7906305367378842 0.6657232267037552 0.11318394997394479 0.093894297635605
16 0.9799557060969254 0.447009735744089 0.005257946847316268 0.02564673157162726
0 0.7911985409067223 0.7101529902642559 0.1511620635747785 0.12945757997218357
16 0.9560969254820219 0.435653685674548 0.0032829598749349567 0.02566063977746869
16 0.9255706096925482 0.4206606397774687 0.0030015633142261547 0.015146036161335169
0 0.8453465346534653 0.6643184979137691 0.0979676915059927 0.08399165507649511
0 0.8524882751433038 0.7738803894297634 0.20154768108389787 0.2027260083449234
16 0.9388353309015112 0.4266481223922114 0.0035174570088587808 0.019582753824756584
0 0.7906305367378842 0.6657232267037552 0.11318394997394479 0.093894297635605
16 0.9799557060969254 0.447009735744089 0.005257946847316268 0.02564673157162726
0 0.7911985409067223 0.7101529902642559 0.1511620635747785 0.12945757997218357
16 0.9560969254820219 0.435653685674548 0.0032829598749349567 0.02566063977746869
16 0.9255706096925482 0.4206606397774687 0.0030015633142261547 0.015146036161335169
