0 0.5007034914017717 0.6459248956884561 0.072068785825951 0.08350486787204453
12 0.33441896821261075 0.5578581363004173 0.01735278791036996 0.042837273991655093
0 0.4777384054194893 0.6339221140472879 0.0668056279312142 0.061196105702364396
0 0.6167430953621679 0.6171279554937413 0.037905158936946334 0.04510431154381086
0 0.5743355914538822 0.6688386648122392 0.0830119854090672 0.09931849791376916
0 0.5007034914017717 0.6459248956884561 0.072068785825951 0.08350486787204453
12 0.33441896821261075 0.5578581363004173 0.01735278791036996 0.042837273991655093
0 0.4777384054194893 0.6339221140472879 0.0668056279312142 0.061196105702364396
0 0.6167430953621679 0.6171279554937413 0.037905158936946334 0.04510431154381086
0 0.5743355914538822 0.6688386648122392 0.0830119854090672 0.09931849791376916
