0 0.39795726941115167 0.592075078206465 0.07766545075560191 0.0961418143899895
1 0.5352423137050548 0.49348800834202294 0.030797290255341336 0.07855057351407721
16 0.7257686294945284 0.6175234619395203 0.00766023970818125 0.06881126173096977
16 0.5962324127149558 0.5249739311783107 0.0027826993225637925 0.02700729927007297
16 0.45212610734757686 0.5211001042752867 0.003689421573736283 0.019635036496350348
16 0.6415971860343929 0.5598540145985401 0.0045075560187597 0.04358706986444208
16 0.3792313705054716 0.5555161626694474 0.005226680562793107 0.03622523461939521
16 0.4245257946847316 0.5336235662148071 0.003778009379885357 0.026663190823774757
16 0.6103282959874935 0.5359228362877998 0.0035643564356436404 0.03201251303441077
0 0.39795726941115167 0.592075078206465 0.07766545075560191 0.0961418143899895
1 0.5352423137050548 0.49348800834202294 0.030797290255341336 0.07855057351407721
16 0.7257686294945284 0.6175234619395203 0.00766023970818125 0.06881126173096977
16 0.5962324127149558 0.5249739311783107 0.0027826993225637925 0.02700729927007297
16 0.45212610734757686 0.5211001042752867 0.003689421573736283 0.019635036496350348
16 0.6415971860343929 0.5598540145985401 0.0045075560187597 0.04358706986444208
16 0.3792313705054716 0.5555161626694474 0.005226680562793107 0.03622523461939521
16 0.4245257946847316 0.5336235662148071 0.003778009379885357 0.026663190823774757
16 0.6103282959874935 0.5359228362877998 0.0035643564356436404 0.03201251303441077
