5 0.518621236133122 0.1564775160599572 0.0964342313787639 0.2373661670235546
1 0.17504556259904913 0.4070985010706638 0.02597068145800315 0.08486081370449677
20 0.497505942947702 0.44566916488222696 0.046438193343898586 0.2887473233404711
2 0.15984548335974644 0.4345289079229122 0.026584786053882734 0.07077087794432545
11 0.239568145800317 0.3962740899357602 0.00839936608557842 0.021627408993576066
0 0.2694255150554675 0.5135438972162741 0.10936608557844689 0.09646680942184156
5 0.518621236133122 0.1564775160599572 0.0964342313787639 0.2373661670235546
1 0.17504556259904913 0.4070985010706638 0.02597068145800315 0.08486081370449677
20 0.497505942947702 0.44566916488222696 0.046438193343898586 0.2887473233404711
2 0.15984548335974644 0.4345289079229122 0.026584786053882734 0.07077087794432545
11 0.239568145800317 0.3962740899357602 0.00839936608557842 0.021627408993576066
0 0.2694255150554675 0.5135438972162741 0.10936608557844689 0.09646680942184156
