1 0.5543185419968304 0.4138115631691649 0.03161648177496036 0.09421841541755889
10 0.16689381933438985 0.39508565310492505 0.006331220285261497 0.02543897216274089
8 0.20941759112519806 0.48049250535331905 0.007852614896988927 0.03379014989293362
11 0.6464342313787639 0.4021948608137045 0.012678288431061807 0.028372591006423982
12 0.631933438985737 0.39855460385438973 0.008478605388272619 0.016595289079229122
2 0.5341521394611728 0.4452087794432548 0.033914421553090296 0.07200214132762313
0 0.5982369255150555 0.4418629550321199 0.018026941362916007 0.03383297644539617
0 0.5496652139461172 0.4450642398286938 0.016644215530903325 0.03961456102783726
0 0.5658676703645008 0.5432012847965738 0.11913629160063384 0.12087794432548177
1 0.5543185419968304 0.4138115631691649 0.03161648177496036 0.09421841541755889
10 0.16689381933438985 0.39508565310492505 0.006331220285261497 0.02543897216274089
8 0.20941759112519806 0.48049250535331905 0.007852614896988927 0.03379014989293362
11 0.6464342313787639 0.4021948608137045 0.012678288431061807 0.028372591006423982
12 0.631933438985737 0.39855460385438973 0.008478605388272619 0.016595289079229122
2 0.5341521394611728 0.4452087794432548 0.033914421553090296 0.07200214132762313
0 0.5982369255150555 0.4418629550321199 0.018026941362916007 0.03383297644539617
0 0.5496652139461172 0.4450642398286938 0.016644215530903325 0.03961456102783726
0 0.5658676703645008 0.5432012847965738 0.11913629160063384 0.12087794432548177
