0 0.49163431061806656 0.4714775160599572 0.06942551505546751 0.06732334047109208
20 0.489910855784469 0.44013918629550325 0.03689778129952452 0.23723768736616702
12 0.22545364500792395 0.39713597430406855 0.005669572107765475 0.014721627408993576
0 0.15728011093502378 0.4508244111349037 0.021731378763866865 0.04396145610278373
5 0.5053545958795562 0.19893468950749466 0.08618462757527733 0.2170556745182013
11 0.23529912836767036 0.39979122055674515 0.008641045958795541 0.023758029978586722
0 0.49163431061806656 0.4714775160599572 0.06942551505546751 0.06732334047109208
20 0.489910855784469 0.44013918629550325 0.03689778129952452 0.23723768736616702
12 0.22545364500792395 0.39713597430406855 0.005669572107765475 0.014721627408993576
0 0.15728011093502378 0.4508244111349037 0.021731378763866865 0.04396145610278373
5 0.5053545958795562 0.19893468950749466 0.08618462757527733 0.2170556745182013
11 0.23529912836767036 0.39979122055674515 0.008641045958795541 0.023758029978586722
