0 0.24236925515055469 0.43355995717344753 0.017725832012678293 0.030631691648822283
18 0.2205863708399366 0.23002141327623127 0.009445324881141014 0.05586723768736617
18 0.26984944532488114 0.22868843683083512 0.009112519809825673 0.05450749464668097
18 0.31744255150554673 0.39535867237687367 0.007056259904912815 0.03859743040685226
7 0.4261192551505547 0.4038222698072805 0.032484152139461174 0.057087794432548175
10 0.3215194136291601 0.3544432548179871 0.014108557844690972 0.03822269807280513
20 0.20024960380348653 0.36273019271948603 0.0019809825673534074 0.0094218415417559
20 0.2084667194928685 0.36203426124197 0.0020998415213946387 0.009957173447537486
20 0.216905705229794 0.38928800856531054 0.0020998415213945936 0.00921841541755884
0 0.2365907290015848 0.437237687366167 0.01994849445324882 0.04520342612419703
0 0.19843502377179079 0.4874197002141328 0.04067353407290015 0.07597430406852253
1 0.24978407290015844 0.4004496788008565 0.0224524564183835 0.07342612419700212
1 0.44728011093502373 0.41413276231263385 0.05695324881141046 0.06638115631691649
21 0.15487717908082407 0.5949518201284796 0.0352931854199683 0.05142398286937911
21 0.28293977812995247 0.5985492505353318 0.028589540412044406 0.05275160599571733
0 0.2880170364500792 0.5091970021413276 0.04124801901743265 0.09655246252676654
0 0.22139263074484947 0.45676124197002144 0.027785261489698888 0.053308351177730154
0 0.4694512678288431 0.4354550321199144 0.04084389857369261 0.03485010706638117
1 0.27783478605388273 0.4210599571734475 0.04041600633914421 0.15937901498929338
0 0.24236925515055469 0.43355995717344753 0.017725832012678293 0.030631691648822283
18 0.2205863708399366 0.23002141327623127 0.009445324881141014 0.05586723768736617
18 0.26984944532488114 0.22868843683083512 0.009112519809825673 0.05450749464668097
18 0.31744255150554673 0.39535867237687367 0.007056259904912815 0.03859743040685226
7 0.4261192551505547 0.4038222698072805 0.032484152139461174 0.057087794432548175
10 0.3215194136291601 0.3544432548179871 0.014108557844690972 0.03822269807280513
20 0.20024960380348653 0.36273019271948603 0.0019809825673534074 0.0094218415417559
20 0.2084667194928685 0.36203426124197 0.0020998415213946387 0.009957173447537486
20 0.216905705229794 0.38928800856531054 0.0020998415213945936 0.00921841541755884
0 0.2365907290015848 0.437237687366167 0.01994849445324882 0.04520342612419703
0 0.19843502377179079 0.4874197002141328 0.04067353407290015 0.07597430406852253
1 0.24978407290015844 0.4004496788008565 0.0224524564183835 0.07342612419700212
1 0.44728011093502373 0.41413276231263385 0.05695324881141046 0.06638115631691649
21 0.15487717908082407 0.5949518201284796 0.0352931854199683 0.05142398286937911
21 0.28293977812995247 0.5985492505353318 0.028589540412044406 0.05275160599571733
0 0.2880170364500792 0.5091970021413276 0.04124801901743265 0.09655246252676654
0 0.22139263074484947 0.45676124197002144 0.027785261489698888 0.053308351177730154
0 0.4694512678288431 0.4354550321199144 0.04084389857369261 0.03485010706638117
1 0.27783478605388273 0.4210599571734475 0.04041600633914421 0.15937901498929338
