12 0.5106774960380349 0.4003747323340471 0.0045562599049128365 0.015524625267665952
11 0.5702852614896989 0.4114561027837259 0.0378763866877972 0.1580299785867238
0 0.34350435816164815 0.4588758029978587 0.043736133122028564 0.04708779443254814
0 0.6214025356576862 0.4372269807280514 0.029239302694136275 0.03147751605995715
0 0.4026545166402536 0.4282655246252677 0.03217115689381935 0.03147751605995715
0 0.5286291600633914 0.4337473233404711 0.02933438985736924 0.02800856531049247
0 0.6718304278922345 0.44105995717344754 0.031774960380348674 0.03586723768736617
0 0.3920681458003169 0.4292130620985011 0.025316957210776536 0.027805139186295534
0 0.4866105388272583 0.4370449678800856 0.03538431061806654 0.035331905781584586
0 0.5414045166402536 0.44217344753747323 0.03525752773375595 0.03719486081370451
0 0.6178129952456419 0.4471199143468951 0.04225039619651351 0.03916488222698071
0 0.721553090332805 0.4564775160599572 0.0440570522979398 0.04379014989293366
0 0.7037083993660855 0.4440310492505354 0.03936608557844687 0.03823340471092075
12 0.5106774960380349 0.4003747323340471 0.0045562599049128365 0.015524625267665952
11 0.5702852614896989 0.4114561027837259 0.0378763866877972 0.1580299785867238
0 0.34350435816164815 0.4588758029978587 0.043736133122028564 0.04708779443254814
0 0.6214025356576862 0.4372269807280514 0.029239302694136275 0.03147751605995715
0 0.4026545166402536 0.4282655246252677 0.03217115689381935 0.03147751605995715
0 0.5286291600633914 0.4337473233404711 0.02933438985736924 0.02800856531049247
0 0.6718304278922345 0.44105995717344754 0.031774960380348674 0.03586723768736617
0 0.3920681458003169 0.4292130620985011 0.025316957210776536 0.027805139186295534
0 0.4866105388272583 0.4370449678800856 0.03538431061806654 0.035331905781584586
0 0.5414045166402536 0.44217344753747323 0.03525752773375595 0.03719486081370451
0 0.6178129952456419 0.4471199143468951 0.04225039619651351 0.03916488222698071
0 0.721553090332805 0.4564775160599572 0.0440570522979398 0.04379014989293366
0 0.7037083993660855 0.4440310492505354 0.03936608557844687 0.03823340471092075
