0 0.17150158478605387 0.4219539614561028 0.017614896988906514 0.034464668094218415
0 0.13644809825673535 0.4200160599571734 0.018308240887480183 0.036841541755888677
0 0.12573296354992078 0.41421306209850106 0.01509508716323295 0.025321199143468927
0 0.23968898573692551 0.48359743040685227 0.040812202852614894 0.08216274089935761
0 0.136020206022187 0.3893361884368308 0.023371632329635503 0.05860813704496789
0 0.13990095087163235 0.5280299785867237 0.04945324881141046 0.10773019271948608
0 0.15698494453248812 0.4148019271948608 0.01509508716323295 0.025321199143468927
20 0.11865293185419969 0.3306423982869379 0.002337559429477034 0.014453961456102784
0 0.1110162440570523 0.3901820128479657 0.023371632329635492 0.05860813704496789
0 0.14609944532488114 0.43836188436830836 0.023094294770206008 0.0412633832976445
1 0.1951664025356577 0.4124464668094219 0.04717115689381934 0.11193790149892935
0 0.15183835182250396 0.46942184154175587 0.03212361331220285 0.06571734475374731
0 0.17150158478605387 0.4219539614561028 0.017614896988906514 0.034464668094218415
0 0.13644809825673535 0.4200160599571734 0.018308240887480183 0.036841541755888677
0 0.12573296354992078 0.41421306209850106 0.01509508716323295 0.025321199143468927
0 0.23968898573692551 0.48359743040685227 0.040812202852614894 0.08216274089935761
0 0.136020206022187 0.3893361884368308 0.023371632329635503 0.05860813704496789
0 0.13990095087163235 0.5280299785867237 0.04945324881141046 0.10773019271948608
0 0.15698494453248812 0.4148019271948608 0.01509508716323295 0.025321199143468927
20 0.11865293185419969 0.3306423982869379 0.002337559429477034 0.014453961456102784
0 0.1110162440570523 0.3901820128479657 0.023371632329635492 0.05860813704496789
0 0.14609944532488114 0.43836188436830836 0.023094294770206008 0.0412633832976445
1 0.1951664025356577 0.4124464668094219 0.04717115689381934 0.11193790149892935
0 0.15183835182250396 0.46942184154175587 0.03212361331220285 0.06571734475374731
