1 0.18673534072900155 0.4750749464668095 0.14776545166402535 0.41329764453961454
0 0.09259904912836767 0.49054068522483935 0.059904912836767035 0.07904710920770876
21 0.7778744057052298 0.9418308351177731 0.08324484944532484 0.11633832976445392
10 0.6671454041204438 0.33975374732334046 0.028577654516640297 0.06370449678800856
21 0.6121711568938193 0.612152034261242 0.03920760697305856 0.05235546038543907
21 0.46712757527733756 0.5941381156316916 0.029952456418383483 0.043843683083511706
0 0.38164025356576864 0.45663811563169165 0.054928684627575226 0.04663811563169159
0 0.4524267036450079 0.42540149892933626 0.011826465927099806 0.023372591006423967
1 0.26875594294770205 0.42048715203426124 0.11248811410459586 0.18711991434689507
20 0.5764698890649762 0.14147216274089935 0.019722662440570603 0.09320128479657387
1 0.6083379556259905 0.42297109207708783 0.22729397781299526 0.1588972162740899
20 0.489574088748019 0.15376338329764455 0.01647781299524561 0.08517130620985008
8 0.46309429477020597 0.43643468950749464 0.007765451664025411 0.018094218415417536
20 0.6589956418383518 0.40975374732334047 0.011889857369255147 0.06569593147751608
1 0.18673534072900155 0.4750749464668095 0.14776545166402535 0.41329764453961454
0 0.09259904912836767 0.49054068522483935 0.059904912836767035 0.07904710920770876
21 0.7778744057052298 0.9418308351177731 0.08324484944532484 0.11633832976445392
10 0.6671454041204438 0.33975374732334046 0.028577654516640297 0.06370449678800856
21 0.6121711568938193 0.612152034261242 0.03920760697305856 0.05235546038543907
21 0.46712757527733756 0.5941381156316916 0.029952456418383483 0.043843683083511706
0 0.38164025356576864 0.45663811563169165 0.054928684627575226 0.04663811563169159
0 0.4524267036450079 0.42540149892933626 0.011826465927099806 0.023372591006423967
1 0.26875594294770205 0.42048715203426124 0.11248811410459586 0.18711991434689507
20 0.5764698890649762 0.14147216274089935 0.019722662440570603 0.09320128479657387
1 0.6083379556259905 0.42297109207708783 0.22729397781299526 0.1588972162740899
20 0.489574088748019 0.15376338329764455 0.01647781299524561 0.08517130620985008
8 0.46309429477020597 0.43643468950749464 0.007765451664025411 0.018094218415417536
20 0.6589956418383518 0.40975374732334047 0.011889857369255147 0.06569593147751608
