16 0.16253367670364502 0.42219486081370455 0.002904120443740089 0.04554603854389724
16 0.29046949286846274 0.3998501070663812 0.0014778129952456491 0.025781584582441095
16 0.20427099841521393 0.40022483940042825 0.00205229793977811 0.027815845824411153
16 0.05406101426307448 0.44381156316916487 0.0019334389857369237 0.024946466809421853
0 0.15443343898573691 0.47553533190578157 0.04532488114104597 0.08768736616702359
0 0.23780903328050715 0.3924304068522484 0.0071315372424722665 0.016809421841541744
0 0.22320721077654518 0.39981798715203426 0.014488906497622796 0.034496788008565336
16 0.3149861331220285 0.4250321199143469 0.0025554675118859135 0.04736616702355461
16 0.5281259904912837 0.5905781584582441 0.012369255150554596 0.1805139186295503
2 0.25486529318541995 0.38579229122055675 0.009152139461172751 0.028800856531049225
16 0.01702258320126783 0.4613490364025696 0.00369651347068146 0.04903640256959316
16 0.16253367670364502 0.42219486081370455 0.002904120443740089 0.04554603854389724
16 0.29046949286846274 0.3998501070663812 0.0014778129952456491 0.025781584582441095
16 0.20427099841521393 0.40022483940042825 0.00205229793977811 0.027815845824411153
16 0.05406101426307448 0.44381156316916487 0.0019334389857369237 0.024946466809421853
0 0.15443343898573691 0.47553533190578157 0.04532488114104597 0.08768736616702359
0 0.23780903328050715 0.3924304068522484 0.0071315372424722665 0.016809421841541744
0 0.22320721077654518 0.39981798715203426 0.014488906497622796 0.034496788008565336
16 0.3149861331220285 0.4250321199143469 0.0025554675118859135 0.04736616702355461
16 0.5281259904912837 0.5905781584582441 0.012369255150554596 0.1805139186295503
2 0.25486529318541995 0.38579229122055675 0.009152139461172751 0.028800856531049225
16 0.01702258320126783 0.4613490364025696 0.00369651347068146 0.04903640256959316
