2 0.1389203645007924 0.38171306209850103 0.014235340729001587 0.03961456102783726
0 0.19724643423137878 0.39444325481798714 0.009984152139461168 0.020235546038543932
0 0.21103407290015846 0.37724839400428267 0.008597464342313805 0.017880085653104914
1 0.02261687797147385 0.4227783725910064 0.0452337559429477 0.12478586723768732
2 0.22106973058637086 0.37949678800856534 0.008335974643423123 0.028586723768736604
0 0.17987321711568938 0.43330835117773026 0.019611727416798733 0.04614561027837256
2 0.1389203645007924 0.38171306209850103 0.014235340729001587 0.03961456102783726
0 0.19724643423137878 0.39444325481798714 0.009984152139461168 0.020235546038543932
0 0.21103407290015846 0.37724839400428267 0.008597464342313805 0.017880085653104914
1 0.02261687797147385 0.4227783725910064 0.0452337559429477 0.12478586723768732
2 0.22106973058637086 0.37949678800856534 0.008335974643423123 0.028586723768736604
0 0.17987321711568938 0.43330835117773026 0.019611727416798733 0.04614561027837256
