7 0.27618858954041203 0.3767665952890792 0.024643423137876406 0.08308351177730189
0 0.18026941362916007 0.4321199143468951 0.016957210776545148 0.032119914346895075
7 0.9854516640253564 0.5481209850107066 0.02909667194928687 0.055042826552462495
2 0.21982963549920762 0.4278372591006424 0.018343898573692532 0.04539614561027841
1 0.07523771790808241 0.43854389721627407 0.1415213946117274 0.27344753747323336
0 0.11107369255150555 0.6471092077087794 0.1195324881141046 0.2295503211991435
7 0.27618858954041203 0.3767665952890792 0.024643423137876406 0.08308351177730189
0 0.18026941362916007 0.4321199143468951 0.016957210776545148 0.032119914346895075
7 0.9854516640253564 0.5481209850107066 0.02909667194928687 0.055042826552462495
2 0.21982963549920762 0.4278372591006424 0.018343898573692532 0.04539614561027841
1 0.07523771790808241 0.43854389721627407 0.1415213946117274 0.27344753747323336
0 0.11107369255150555 0.6471092077087794 0.1195324881141046 0.2295503211991435
