0 0.2886073692551505 0.42720556745182015 0.007484152139461167 0.013597430406852237
1 0.22836172741679872 0.43331905781584584 0.026049920760697304 0.05224839400428267
0 0.11659469096671948 0.5102087794432548 0.07699286846275752 0.12054603854389725
1 0.13012083993660856 0.40519271948608143 0.08574881141045958 0.15907922912205566
0 0.27751584786053884 0.42720556745182015 0.007329635499207607 0.014239828693790162
7 0.3200376386687797 0.40087794432548174 0.014076862123613301 0.043576017130620974
0 0.2886073692551505 0.42720556745182015 0.007484152139461167 0.013597430406852237
1 0.22836172741679872 0.43331905781584584 0.026049920760697304 0.05224839400428267
0 0.11659469096671948 0.5102087794432548 0.07699286846275752 0.12054603854389725
1 0.13012083993660856 0.40519271948608143 0.08574881141045958 0.15907922912205566
0 0.27751584786053884 0.42720556745182015 0.007329635499207607 0.014239828693790162
7 0.3200376386687797 0.40087794432548174 0.014076862123613301 0.043576017130620974
