1 0.25821315372424725 0.3976552462526766 0.021980982567353414 0.03295503211991438
7 0.33207606973058634 0.41394004282655245 0.00998415213946119 0.05417558886509639
0 0.14869255150554672 0.5093147751605995 0.049207606973058635 0.10856531049250533
2 0.3226366877971474 0.406541755888651 0.01151743264659273 0.02668094218415419
0 0.28239500792393024 0.4229817987152034 0.012547543581616511 0.025770877944325535
1 0.25821315372424725 0.3976552462526766 0.021980982567353414 0.03295503211991438
7 0.33207606973058634 0.41394004282655245 0.00998415213946119 0.05417558886509639
0 0.14869255150554672 0.5093147751605995 0.049207606973058635 0.10856531049250533
2 0.3226366877971474 0.406541755888651 0.01151743264659273 0.02668094218415419
0 0.28239500792393024 0.4229817987152034 0.012547543581616511 0.025770877944325535
