16 0.36387480190174326 0.4745396145610279 0.003454833597464353 0.04845824411134909
1 0.06351822503961965 0.41065845824411135 0.04595879556259905 0.07840471092077089
4 0.3135221870047543 0.416017130620985 0.008565768621236135 0.05102783725910061
1 0.7017789223454833 0.5 0.5964421553090333 1.0
4 0.1891402535657686 0.34940578158458246 0.027923930269413637 0.026627408993575963
4 0.21369849445324882 0.34958244111349035 0.013894611727416774 0.025096359743040683
16 0.36387480190174326 0.4745396145610279 0.003454833597464353 0.04845824411134909
1 0.06351822503961965 0.41065845824411135 0.04595879556259905 0.07840471092077089
4 0.3135221870047543 0.416017130620985 0.008565768621236135 0.05102783725910061
1 0.7017789223454833 0.5 0.5964421553090333 1.0
4 0.1891402535657686 0.34940578158458246 0.027923930269413637 0.026627408993575963
4 0.21369849445324882 0.34958244111349035 0.013894611727416774 0.025096359743040683
