1 0.5298566961959355 0.5495620437956205 0.21355393434080253 0.5905526590198124
17 0.32242053152683686 0.4977997914494265 0.00581031787389264 0.035057351407716375
17 0.32921834288692026 0.4949687174139729 0.005138092756644092 0.03362877997914494
0 0.36003647733194377 0.5591397288842544 0.09414278269932255 0.11325338894681956
1 0.36584679520583635 0.4343847758081335 0.043606044815007794 0.04906152241918667
1 0.5298566961959355 0.5495620437956205 0.21355393434080253 0.5905526590198124
17 0.32242053152683686 0.4977997914494265 0.00581031787389264 0.035057351407716375
17 0.32921834288692026 0.4949687174139729 0.005138092756644092 0.03362877997914494
0 0.36003647733194377 0.5591397288842544 0.09414278269932255 0.11325338894681956
1 0.36584679520583635 0.4343847758081335 0.043606044815007794 0.04906152241918667
