0 0.335952852614897 0.4833672376873662 0.05188985736925512 0.06519271948608142
21 0.1991323296354992 0.4959743040685225 0.011965134706814599 0.009100642398286937
0 0.2632844690966719 0.4464507494646681 0.026600633914421547 0.035942184154175584
0 0.27953446909667196 0.4532762312633833 0.040439778129952475 0.040171306209850086
1 0.7147543581616481 0.5 0.5704912836767037 1.0
0 0.335952852614897 0.4833672376873662 0.05188985736925512 0.06519271948608142
21 0.1991323296354992 0.4959743040685225 0.011965134706814599 0.009100642398286937
0 0.2632844690966719 0.4464507494646681 0.026600633914421547 0.035942184154175584
0 0.27953446909667196 0.4532762312633833 0.040439778129952475 0.040171306209850086
1 0.7147543581616481 0.5 0.5704912836767037 1.0
