1 0.4208240887480191 0.41420770877944324 0.061204437400950926 0.07858672376873659
0 0.046963153724247225 0.43410064239828694 0.023886687797147386 0.025824411134903646
0 0.11457606973058637 0.5535278372591006 0.06141838351822503 0.11403640256959313
7 0.20574881141045956 0.3578265524625268 0.02533280507131537 0.026209850107066338
13 0.37535657686212365 0.40572805139186296 0.005586370839936618 0.014989293361884369
0 0.04385301109350238 0.7081423982869379 0.08770602218700475 0.25459314775160596
1 0.1586767036450079 0.4304443254817987 0.056735340729001604 0.16345824411134904
0 0.057680269413629165 0.43337259100642395 0.017951664025356577 0.021306209850107102
1 0.36073098256735336 0.41602783725910064 0.07097860538827258 0.0597002141327623
1 0.32583993660855787 0.4194967880085653 0.0341362916006339 0.07053533190578158
1 0.4208240887480191 0.41420770877944324 0.061204437400950926 0.07858672376873659
0 0.046963153724247225 0.43410064239828694 0.023886687797147386 0.025824411134903646
0 0.11457606973058637 0.5535278372591006 0.06141838351822503 0.11403640256959313
7 0.20574881141045956 0.3578265524625268 0.02533280507131537 0.026209850107066338
13 0.37535657686212365 0.40572805139186296 0.005586370839936618 0.014989293361884369
0 0.04385301109350238 0.7081423982869379 0.08770602218700475 0.25459314775160596
1 0.1586767036450079 0.4304443254817987 0.056735340729001604 0.16345824411134904
0 0.057680269413629165 0.43337259100642395 0.017951664025356577 0.021306209850107102
1 0.36073098256735336 0.41602783725910064 0.07097860538827258 0.0597002141327623
1 0.32583993660855787 0.4194967880085653 0.0341362916006339 0.07053533190578158
