1 0.4213668779714738 0.4166541755888651 0.059849445324881116 0.08446466809421846
1 0.35975633914421556 0.41605995717344757 0.06095483359746435 0.05503211991434693
17 0.24424326465927101 0.4400428265524625 0.003898573692551518 0.027408993576017154
12 0.5499801901743265 0.40504282655246254 0.003605388272583255 0.014453961456102784
7 0.20590729001584787 0.35831370449678795 0.024873217115689395 0.025985010706638157
0 0.05829635499207606 0.43321734475374735 0.017305863708399365 0.018254817987151985
0 0.06492076069730587 0.4321948608137045 0.014706814580031686 0.01685224839400429
0 0.04714342313787639 0.43383297644539615 0.022670364500792392 0.02462526766595289
0 0.14736529318541997 0.4285331905781585 0.013114104595879566 0.020663811563169116
13 0.37536648177496035 0.40524625267665954 0.006929477020602222 0.015374732334047124
0 0.03801505546751188 0.4597430406852248 0.028328050713153717 0.04197002141327622
2 0.19413431061806657 0.4220235546038543 0.010859746434231366 0.02391862955032117
17 0.25543185419968306 0.43372591006423983 0.003597464342313804 0.024346895074946476
1 0.32432250396196516 0.4196573875802998 0.032480190174326476 0.0658244111349036
1 0.4213668779714738 0.4166541755888651 0.059849445324881116 0.08446466809421846
1 0.35975633914421556 0.41605995717344757 0.06095483359746435 0.05503211991434693
17 0.24424326465927101 0.4400428265524625 0.003898573692551518 0.027408993576017154
12 0.5499801901743265 0.40504282655246254 0.003605388272583255 0.014453961456102784
7 0.20590729001584787 0.35831370449678795 0.024873217115689395 0.025985010706638157
0 0.05829635499207606 0.43321734475374735 0.017305863708399365 0.018254817987151985
0 0.06492076069730587 0.4321948608137045 0.014706814580031686 0.01685224839400429
0 0.04714342313787639 0.43383297644539615 0.022670364500792392 0.02462526766595289
0 0.14736529318541997 0.4285331905781585 0.013114104595879566 0.020663811563169116
13 0.37536648177496035 0.40524625267665954 0.006929477020602222 0.015374732334047124
0 0.03801505546751188 0.4597430406852248 0.028328050713153717 0.04197002141327622
2 0.19413431061806657 0.4220235546038543 0.010859746434231366 0.02391862955032117
17 0.25543185419968306 0.43372591006423983 0.003597464342313804 0.024346895074946476
1 0.32432250396196516 0.4196573875802998 0.032480190174326476 0.0658244111349036
