17 0.32028724247226625 0.47828693790149895 0.008950079239302708 0.05391862955032115
7 0.2058022979397781 0.34133832976445394 0.03461568938193344 0.03629550321199141
1 0.6417194928684627 0.44343683083511776 0.12752773375594298 0.13775160599571737
17 0.3113926307448494 0.4723340471092077 0.00827654516640253 0.04976445396145606
7 0.20970483359746434 0.3647002141327623 0.01971077654516638 0.017537473233404707
17 0.30493858954041203 0.46610278372591 0.007951664025356596 0.04509635974304069
17 0.3227733755942948 0.5275160599571734 0.016259904912836798 0.09036402569593145
1 0.5596473851030112 0.4567505353319058 0.19583993660855784 0.22011777301927193
1 0.8705031695721078 0.45802997858672373 0.2589936608557845 0.2997858672376873
17 0.32853605388272583 0.4829229122055674 0.010677496038034884 0.061349036402569605
0 0.19299128367670365 0.4304764453961456 0.010213946117274157 0.02170235546038542
