0 0.1977713946117274 0.42287473233404715 0.00853803486529319 0.018104925053533217
1 0.4545146592709985 0.4210385438972163 0.07730190174326462 0.09732334047109205
7 0.40535063391442155 0.4083672376873661 0.00672345483359743 0.016755888650963634
17 0.2499960380348653 0.44761241970021415 0.004429477020602244 0.03143468950749466
17 0.2615907290015848 0.44011777301927196 0.004425515055467541 0.02640256959314772
0 0.041327258320126785 0.4397912205567452 0.020855784469096673 0.02718415417558885
0 0.050085182250396196 0.4392023554603855 0.017365293185419975 0.02165952890792287
7 0.20971870047543578 0.3707066381156317 0.01599049128367671 0.01764453961456105
0 0.027280110935023773 0.4397912205567452 0.027341521394611722 0.03127408993576015
1 0.3855665610142631 0.42108672376873657 0.08385103011093502 0.07046038543897216
1 0.34275752773375595 0.4221734475374732 0.0403961965134707 0.08327623126338327
7 0.20626584786053884 0.3573286937901499 0.026644215530903327 0.02574946466809417
