16 0.24410063391442155 0.4799892933618844 0.0019730586370840008 0.03406852248394009
11 0.2604358161648177 0.42482334047109205 0.010031695721077675 0.027869379014989325
16 0.9071770998415215 0.20532655246252676 0.004267036450079232 0.07178800856531051
16 0.08270206022187006 0.4995128479657387 0.0036133122028526167 0.0517237687366167
2 0.21101822503961964 0.47573340471092074 0.033589540412044365 0.08579229122055675
16 0.1388312202852615 0.4846948608137045 0.0014183835182250333 0.018190578158458252
16 0.27342313787638667 0.49542826552462527 0.0026148969889064617 0.04882226980728048
16 0.11315174326465928 0.4832922912205567 0.0027773375594294957 0.035128479657387586
16 0.24410063391442155 0.4799892933618844 0.0019730586370840008 0.03406852248394009
11 0.2604358161648177 0.42482334047109205 0.010031695721077675 0.027869379014989325
16 0.9071770998415215 0.20532655246252676 0.004267036450079232 0.07178800856531051
16 0.08270206022187006 0.4995128479657387 0.0036133122028526167 0.0517237687366167
2 0.21101822503961964 0.47573340471092074 0.033589540412044365 0.08579229122055675
16 0.1388312202852615 0.4846948608137045 0.0014183835182250333 0.018190578158458252
16 0.27342313787638667 0.49542826552462527 0.0026148969889064617 0.04882226980728048
16 0.11315174326465928 0.4832922912205567 0.0027773375594294957 0.035128479657387586
