10 0.3570958795562599 0.3113597430406852 0.021965134706814556 0.057815845824411134
11 0.2581378763866878 0.3851605995717345 0.008003169572107739 0.02323340471092076
18 0.3524227416798732 0.42067451820128476 0.02186608557844693 0.12880085653104925
11 0.5954358161648178 0.39715203426124196 0.012567353407290026 0.045331905781584615
0 0.1730982567353407 0.4072269807280514 0.012361331220285257 0.025160599571734475
0 0.5098355784469096 0.46721627408993577 0.0744413629160063 0.07413276231263384
10 0.3570958795562599 0.3113597430406852 0.021965134706814556 0.057815845824411134
11 0.2581378763866878 0.3851605995717345 0.008003169572107739 0.02323340471092076
18 0.3524227416798732 0.42067451820128476 0.02186608557844693 0.12880085653104925
11 0.5954358161648178 0.39715203426124196 0.012567353407290026 0.045331905781584615
0 0.1730982567353407 0.4072269807280514 0.012361331220285257 0.025160599571734475
0 0.5098355784469096 0.46721627408993577 0.0744413629160063 0.07413276231263384
