1 0.43136885895404126 0.5816220556745182 0.029298732171156913 0.09729122055674512
0 0.2405725039619651 0.6984047109207708 0.06162836767036453 0.10601713062098511
1 0.3732072107765452 0.5711081370449679 0.037515847860538847 0.07157387580299789
1 0.28278328050713153 0.5771145610278372 0.0488470681458003 0.09812633832976449
0 0.3579793977812995 0.8293415417558887 0.11104595879556263 0.21662740899357594
7 0.03104199683042789 0.524127408993576 0.06208399366085578 0.09313704496788003
0 0.39333399366085575 0.6068629550321198 0.018799524564183854 0.0361456102783727
0 0.11026148969889066 0.682296573875803 0.07440570522979396 0.10335117773019269
1 0.43136885895404126 0.5816220556745182 0.029298732171156913 0.09729122055674512
0 0.2405725039619651 0.6984047109207708 0.06162836767036453 0.10601713062098511
1 0.3732072107765452 0.5711081370449679 0.037515847860538847 0.07157387580299789
1 0.28278328050713153 0.5771145610278372 0.0488470681458003 0.09812633832976449
0 0.3579793977812995 0.8293415417558887 0.11104595879556263 0.21662740899357594
7 0.03104199683042789 0.524127408993576 0.06208399366085578 0.09313704496788003
0 0.39333399366085575 0.6068629550321198 0.018799524564183854 0.0361456102783727
0 0.11026148969889066 0.682296573875803 0.07440570522979396 0.10335117773019269
