2 0.3609409667194929 0.438110278372591 0.02177892234548337 0.05103854389721623
1 0.2476049920760697 0.4191595289079229 0.047785261489698895 0.06446466809421846
1 0.33788431061806656 0.4158511777301927 0.027654516640253594 0.04247323340471094
7 0.396216323296355 0.38988222698072805 0.044096671949286875 0.16070663811563166
0 0.30189183835182254 0.4761081370449679 0.018799524564183854 0.03943254817987157
0 0.32749405705229795 0.4616488222698073 0.01719889064976227 0.03216274089935756
0 0.2741897781299525 0.5163329764453961 0.03761885895404118 0.09142398286937906
2 0.3609409667194929 0.438110278372591 0.02177892234548337 0.05103854389721623
1 0.2476049920760697 0.4191595289079229 0.047785261489698895 0.06446466809421846
1 0.33788431061806656 0.4158511777301927 0.027654516640253594 0.04247323340471094
7 0.396216323296355 0.38988222698072805 0.044096671949286875 0.16070663811563166
0 0.30189183835182254 0.4761081370449679 0.018799524564183854 0.03943254817987157
0 0.32749405705229795 0.4616488222698073 0.01719889064976227 0.03216274089935756
0 0.2741897781299525 0.5163329764453961 0.03761885895404118 0.09142398286937906
