8 0.3353070522979398 0.41469486081370455 0.0034112519809825726 0.009839400428265522
7 0.3269076862123613 0.254941113490364 0.04311014263074483 0.07412205567451823
7 0.37187797147385104 0.2558672376873662 0.04286846275752775 0.07361884368308354
15 0.32777337559429476 0.2097430406852248 0.009904912836767036 0.013276231263383304
15 0.37250396196513474 0.21071734475374732 0.009904912836767036 0.013276231263383273
8 0.32318343898573687 0.41405246252676664 0.0039025356576862214 0.011830835117773032
8 0.35083597464342314 0.4150749464668094 0.0035736925515055394 0.009807280513918595
8 0.36994651347068147 0.4172216274089936 0.0032844690966719347 0.008104925053533244
9 0.412438589540412 0.4013115631691649 0.0057646592709983974 0.014957173447537503
1 0.22077654516640255 0.4392612419700214 0.036561014263074475 0.12126338329764454
1 0.5655804278922346 0.4400802997858672 0.07925911251980981 0.060738758029978544
0 0.1759904912836767 0.45002141327623124 0.01782091917591126 0.03813704496788009
8 0.3353070522979398 0.41469486081370455 0.0034112519809825726 0.009839400428265522
7 0.3269076862123613 0.254941113490364 0.04311014263074483 0.07412205567451823
7 0.37187797147385104 0.2558672376873662 0.04286846275752775 0.07361884368308354
15 0.32777337559429476 0.2097430406852248 0.009904912836767036 0.013276231263383304
15 0.37250396196513474 0.21071734475374732 0.009904912836767036 0.013276231263383273
8 0.32318343898573687 0.41405246252676664 0.0039025356576862214 0.011830835117773032
8 0.35083597464342314 0.4150749464668094 0.0035736925515055394 0.009807280513918595
8 0.36994651347068147 0.4172216274089936 0.0032844690966719347 0.008104925053533244
9 0.412438589540412 0.4013115631691649 0.0057646592709983974 0.014957173447537503
1 0.22077654516640255 0.4392612419700214 0.036561014263074475 0.12126338329764454
1 0.5655804278922346 0.4400802997858672 0.07925911251980981 0.060738758029978544
0 0.1759904912836767 0.45002141327623124 0.01782091917591126 0.03813704496788009
