0 0.19003565768621236 0.4266595289079229 0.010895404120443741 0.023768736616702403
11 0.3514560221870048 0.40043361884368306 0.005772583201267848 0.015107066381156331
5 0.3291244057052298 0.39903640256959316 0.004191759112519826 0.011349036402569618
1 0.11931458003169572 0.46836188436830833 0.0856973058637084 0.2163811563169165
0 0.20864896988906498 0.40439507494646687 0.006624405705229805 0.015599571734475367
0 0.19003565768621236 0.4266595289079229 0.010895404120443741 0.023768736616702403
11 0.3514560221870048 0.40043361884368306 0.005772583201267848 0.015107066381156331
5 0.3291244057052298 0.39903640256959316 0.004191759112519826 0.011349036402569618
1 0.11931458003169572 0.46836188436830833 0.0856973058637084 0.2163811563169165
0 0.20864896988906498 0.40439507494646687 0.006624405705229805 0.015599571734475367
