0 0.28147187004754354 0.42710920770877947 0.010114896988906531 0.020085653104925043
3 0.26068343898573687 0.4140952890792291 0.016216323296354973 0.04675588865096361
2 0.5083993660855783 0.469448608137045 0.08763866877971475 0.14846895074946467
2 0.3136608557844691 0.4322912205567452 0.01705229793977816 0.03918629550321202
0 0.24514659270998415 0.48680406852248387 0.026822503961965154 0.06365096359743039
1 0.2429714738510301 0.42410599571734475 0.023882725832012668 0.0958565310492505
0 0.28147187004754354 0.42710920770877947 0.010114896988906531 0.020085653104925043
3 0.26068343898573687 0.4140952890792291 0.016216323296354973 0.04675588865096361
2 0.5083993660855783 0.469448608137045 0.08763866877971475 0.14846895074946467
2 0.3136608557844691 0.4322912205567452 0.01705229793977816 0.03918629550321202
0 0.24514659270998415 0.48680406852248387 0.026822503961965154 0.06365096359743039
1 0.2429714738510301 0.42410599571734475 0.023882725832012668 0.0958565310492505
