0 0.11601426307448494 0.4347430406852248 0.012028526148969895 0.025374732334047096
0 0.17975435816164817 0.49052462526766594 0.02559429477020603 0.05107066381156316
0 0.13991679873217114 0.4546038543897217 0.016679873217115677 0.03276231263383294
0 0.15788431061806657 0.47057280513918626 0.0201267828843106 0.042623126338329764
0 0.2553486529318542 0.62906852248394 0.07606973058637084 0.18019271948608145
7 0.1810756735340729 0.40398286937901506 0.016327258320126773 0.03137044967880087
7 0.0807052297939778 0.393576017130621 0.05594294770206023 0.08137044967880086
0 0.11601426307448494 0.4347430406852248 0.012028526148969895 0.025374732334047096
0 0.17975435816164817 0.49052462526766594 0.02559429477020603 0.05107066381156316
0 0.13991679873217114 0.4546038543897217 0.016679873217115677 0.03276231263383294
0 0.15788431061806657 0.47057280513918626 0.0201267828843106 0.042623126338329764
0 0.2553486529318542 0.62906852248394 0.07606973058637084 0.18019271948608145
7 0.1810756735340729 0.40398286937901506 0.016327258320126773 0.03137044967880087
7 0.0807052297939778 0.393576017130621 0.05594294770206023 0.08137044967880086
