0 0.39410855784469095 0.4589775160599572 0.047202852614896984 0.04292291220556749
3 0.07344096671949288 0.38324411134903646 0.04733359746434231 0.061349036402569605
0 0.09476822503961965 0.40394004282655244 0.021081616481774965 0.024025695931477513
3 0.3568502377179081 0.4194218415417559 0.10183042789223459 0.09477516059957171
1 0.8808617274167988 0.5749304068522484 0.18973454833597458 0.1368629550321199
5 0.03938391442155309 0.40064239828693793 0.008569730586370838 0.019850107066381177
0 0.04228605388272583 0.4086241970021413 0.022480190174326464 0.0283618843683083
0 0.39410855784469095 0.4589775160599572 0.047202852614896984 0.04292291220556749
3 0.07344096671949288 0.38324411134903646 0.04733359746434231 0.061349036402569605
0 0.09476822503961965 0.40394004282655244 0.021081616481774965 0.024025695931477513
3 0.3568502377179081 0.4194218415417559 0.10183042789223459 0.09477516059957171
1 0.8808617274167988 0.5749304068522484 0.18973454833597458 0.1368629550321199
5 0.03938391442155309 0.40064239828693793 0.008569730586370838 0.019850107066381177
0 0.04228605388272583 0.4086241970021413 0.022480190174326464 0.0283618843683083
