0 0.8694215530903329 0.14656852248394003 0.016307448494453192 0.036456102783725894
21 0.6846988906497622 0.18468415417558887 0.04007923930269417 0.05765524625267665
21 0.11865887480190175 0.48625802997858675 0.014932646592709983 0.014871520342612405
21 0.19270206022187006 0.4842291220556745 0.034706814580031685 0.015781584582441124
21 0.8674068938193344 0.34058351177730195 0.028197305863708427 0.2365631691648822
21 0.13288431061806655 0.5626980728051393 0.026125198098256735 0.06451820128479663
21 0.2698454833597464 0.5531584582441115 0.07623613312202851 0.05843683083511782
21 0.1104635499207607 0.4648661670235546 0.008732171156893806 0.00598501070663815
7 0.4081041996830428 0.39383297644539617 0.08118462757527732 0.13978586723768738
6 0.0556081616481775 0.37761241970021414 0.014718700475435819 0.03616702355460383
7 0.5310479397781299 0.3776980728051392 0.14601030110935032 0.19214132762312633
21 0.15918977812995244 0.4626927194860813 0.020479397781299525 0.0053211991434689195
0 0.8694215530903329 0.14656852248394003 0.016307448494453192 0.036456102783725894
21 0.6846988906497622 0.18468415417558887 0.04007923930269417 0.05765524625267665
21 0.11865887480190175 0.48625802997858675 0.014932646592709983 0.014871520342612405
21 0.19270206022187006 0.4842291220556745 0.034706814580031685 0.015781584582441124
21 0.8674068938193344 0.34058351177730195 0.028197305863708427 0.2365631691648822
21 0.13288431061806655 0.5626980728051393 0.026125198098256735 0.06451820128479663
21 0.2698454833597464 0.5531584582441115 0.07623613312202851 0.05843683083511782
21 0.1104635499207607 0.4648661670235546 0.008732171156893806 0.00598501070663815
7 0.4081041996830428 0.39383297644539617 0.08118462757527732 0.13978586723768738
6 0.0556081616481775 0.37761241970021414 0.014718700475435819 0.03616702355460383
7 0.5310479397781299 0.3776980728051392 0.14601030110935032 0.19214132762312633
21 0.15918977812995244 0.4626927194860813 0.020479397781299525 0.0053211991434689195
