1 0.9203050713153724 0.11454496788008565 0.0488510301109351 0.051145610278372604
1 0.7805150554675119 0.4491327623126338 0.43896988906497625 0.4629764453961457
0 0.1111529318541997 0.34609207708779444 0.009072900158478597 0.01745182012847961
0 0.37179080824088745 0.5131156316916489 0.09762282091917586 0.17012847965738762
0 0.2203050713153724 0.3932012847965739 0.025237717908082383 0.05000000000000005
0 0.8599841521394611 0.1423982869379015 0.018225039619651346 0.030620985010706647
0 0.08236925515055468 0.33683083511777306 0.008716323296354992 0.012633832976445408
0 0.13522187004754357 0.35829764453961455 0.013312202852614906 0.023875802997858686
0 0.929601822503962 0.14619379014989295 0.02612916006339137 0.03463597430406851
2 0.16770602218700473 0.33929336188436826 0.013589540412044378 0.028586723768736604
0 0.1740689381933439 0.34411134903640256 0.010816164817749609 0.019057815845824423
1 0.9203050713153724 0.11454496788008565 0.0488510301109351 0.051145610278372604
1 0.7805150554675119 0.4491327623126338 0.43896988906497625 0.4629764453961457
0 0.1111529318541997 0.34609207708779444 0.009072900158478597 0.01745182012847961
0 0.37179080824088745 0.5131156316916489 0.09762282091917586 0.17012847965738762
0 0.2203050713153724 0.3932012847965739 0.025237717908082383 0.05000000000000005
0 0.8599841521394611 0.1423982869379015 0.018225039619651346 0.030620985010706647
0 0.08236925515055468 0.33683083511777306 0.008716323296354992 0.012633832976445408
0 0.13522187004754357 0.35829764453961455 0.013312202852614906 0.023875802997858686
0 0.929601822503962 0.14619379014989295 0.02612916006339137 0.03463597430406851
2 0.16770602218700473 0.33929336188436826 0.013589540412044378 0.028586723768736604
0 0.1740689381933439 0.34411134903640256 0.010816164817749609 0.019057815845824423
