0 0.33854793977812997 0.4602355460385439 0.025344690966719503 0.03580299785867237
13 0.0925039619651347 0.42409528907922917 0.03375594294770205 0.0309100642398287
0 0.33527535657686214 0.538661670235546 0.06915610142630743 0.13164882226980731
0 0.8862004754358161 0.15605995717344753 0.03509508716323294 0.06873661670235548
0 0.25359350237717904 0.4449036402569593 0.015927099841521367 0.023875802997858686
0 0.11765847860538828 0.437093147751606 0.008874801901743279 0.013800856531049236
0 0.17051109350237717 0.44565310492505356 0.013074484944532488 0.02344753747323338
1 0.1246513470681458 0.427237687366167 0.018423137876386688 0.032655246252676656
0 0.9412599049128367 0.14485546038543895 0.02671949286846278 0.036199143468950735
0 0.2097543581616482 0.45780513918629556 0.019770206022186997 0.035117773019271964
0 0.33854793977812997 0.4602355460385439 0.025344690966719503 0.03580299785867237
13 0.0925039619651347 0.42409528907922917 0.03375594294770205 0.0309100642398287
0 0.33527535657686214 0.538661670235546 0.06915610142630743 0.13164882226980731
0 0.8862004754358161 0.15605995717344753 0.03509508716323294 0.06873661670235548
0 0.25359350237717904 0.4449036402569593 0.015927099841521367 0.023875802997858686
0 0.11765847860538828 0.437093147751606 0.008874801901743279 0.013800856531049236
0 0.17051109350237717 0.44565310492505356 0.013074484944532488 0.02344753747323338
1 0.1246513470681458 0.427237687366167 0.018423137876386688 0.032655246252676656
0 0.9412599049128367 0.14485546038543895 0.02671949286846278 0.036199143468950735
0 0.2097543581616482 0.45780513918629556 0.019770206022186997 0.035117773019271964
