0 0.08770007923930269 0.47903104925053536 0.02320522979397781 0.040417558886509636
0 0.24313391442155313 0.5057762312633832 0.041759112519809814 0.06658458244111348
0 0.8469889064976229 0.13072805139186297 0.016671949286846247 0.027858672376873672
0 0.11093898573692551 0.4740203426124197 0.02250396196513471 0.03662740899357599
0 0.025899366085578447 0.4764721627408993 0.01419175911251981 0.027248394004282642
0 0.08770007923930269 0.47903104925053536 0.02320522979397781 0.040417558886509636
0 0.24313391442155313 0.5057762312633832 0.041759112519809814 0.06658458244111348
0 0.8469889064976229 0.13072805139186297 0.016671949286846247 0.027858672376873672
0 0.11093898573692551 0.4740203426124197 0.02250396196513471 0.03662740899357599
0 0.025899366085578447 0.4764721627408993 0.01419175911251981 0.027248394004282642
