0 0.23043977812995245 0.4711402569593147 0.027147385103011085 0.05825481798715206
0 0.2661014263074485 0.4166167023554604 0.007052297939778112 0.01402569593147754
1 0.4158161648177496 0.4284207708779443 0.10136291600633916 0.1760920770877944
0 0.32510697305863706 0.44856531049250536 0.02888272583201267 0.05717344753747327
0 0.2307012678288431 0.4296573875802998 0.014619651347068137 0.027837259100642397
0 0.21148573692551503 0.41809421841541755 0.009627575277337586 0.020770877944325458
0 0.24788827258320129 0.4023661670235546 0.00804278922345486 0.013383297644539615
0 0.28006735340729 0.4146520342612419 0.006616481774960398 0.013029978586723785
0 0.22202060221870049 0.4131905781584582 0.006339144215530904 0.014239828693790162
1 0.3016125198098257 0.40635974304068523 0.02429477020602216 0.06436830835117774
1 0.8729893026941363 0.11455032119914348 0.008181458003169608 0.023704496788008567
0 0.940964738510301 0.17329764453961458 0.05028129952456412 0.06340471092077088
0 0.23043977812995245 0.4711402569593147 0.027147385103011085 0.05825481798715206
0 0.2661014263074485 0.4166167023554604 0.007052297939778112 0.01402569593147754
1 0.4158161648177496 0.4284207708779443 0.10136291600633916 0.1760920770877944
0 0.32510697305863706 0.44856531049250536 0.02888272583201267 0.05717344753747327
0 0.2307012678288431 0.4296573875802998 0.014619651347068137 0.027837259100642397
0 0.21148573692551503 0.41809421841541755 0.009627575277337586 0.020770877944325458
0 0.24788827258320129 0.4023661670235546 0.00804278922345486 0.013383297644539615
0 0.28006735340729 0.4146520342612419 0.006616481774960398 0.013029978586723785
0 0.22202060221870049 0.4131905781584582 0.006339144215530904 0.014239828693790162
1 0.3016125198098257 0.40635974304068523 0.02429477020602216 0.06436830835117774
1 0.8729893026941363 0.11455032119914348 0.008181458003169608 0.023704496788008567
0 0.940964738510301 0.17329764453961458 0.05028129952456412 0.06340471092077088
