0 0.3680190174326466 0.346948608137045 0.00643423137876387 0.015952890792291195
0 0.3036846275752773 0.4776766595289079 0.028763866877971438 0.06391862955032118
0 0.35722266244057055 0.3723661670235546 0.00946117274167987 0.01817987152034257
0 0.5964758320126783 0.5750535331905781 0.11370443740095088 0.13533190578158455
1 0.9638015055467513 0.11874732334047108 0.0505190174326465 0.10038543897216273
0 0.31608557844690965 0.399855460385439 0.01561014263074484 0.030695931477516078
0 0.33643026941362913 0.41043897216274094 0.016362916006339125 0.031156316916488187
1 0.43317551505546753 0.35718415417558885 0.013419175911251937 0.05428265524625266
2 0.42959587955626 0.40088865096359744 0.02068145800316959 0.06451820128479656
1 0.5588272583201268 0.44352248394004284 0.183851030110935 0.24443254817987148
0 0.8941600633914422 0.13035867237687368 0.0138034865293186 0.023715203426124203
9 0.31830427892234553 0.358458244111349 0.0035182250396196494 0.009250535331905767
0 0.3680190174326466 0.346948608137045 0.00643423137876387 0.015952890792291195
0 0.3036846275752773 0.4776766595289079 0.028763866877971438 0.06391862955032118
0 0.35722266244057055 0.3723661670235546 0.00946117274167987 0.01817987152034257
0 0.5964758320126783 0.5750535331905781 0.11370443740095088 0.13533190578158455
1 0.9638015055467513 0.11874732334047108 0.0505190174326465 0.10038543897216273
0 0.31608557844690965 0.399855460385439 0.01561014263074484 0.030695931477516078
0 0.33643026941362913 0.41043897216274094 0.016362916006339125 0.031156316916488187
1 0.43317551505546753 0.35718415417558885 0.013419175911251937 0.05428265524625266
2 0.42959587955626 0.40088865096359744 0.02068145800316959 0.06451820128479656
1 0.5588272583201268 0.44352248394004284 0.183851030110935 0.24443254817987148
0 0.8941600633914422 0.13035867237687368 0.0138034865293186 0.023715203426124203
9 0.31830427892234553 0.358458244111349 0.0035182250396196494 0.009250535331905767
