0 0.17555467511885897 0.5221306209850106 0.047939778129952454 0.10486081370449679
0 0.21418581616481774 0.4749304068522484 0.02638272583201267 0.03579229122055675
1 0.10146790808240888 0.4535492505353319 0.026113312202852613 0.031466809421841525
1 0.046414421553090335 0.45837259100642397 0.01694136291600634 0.050299785867237705
0 0.876602614896989 0.6537955032119914 0.24679477020602222 0.23981798715203428
0 0.13647187004754358 0.4687473233404711 0.014948494453248818 0.023361884368308404
0 0.11872028526148969 0.4752301927194861 0.0188985736925515 0.03390792291220558
1 0.13835578446909666 0.4501820128479658 0.02837559429477021 0.057451820128479686
1 0.24818343898573691 0.43970021413276233 0.07394215530903328 0.10368308351177734
0 0.08119255150554676 0.4800267665952891 0.020182250396196512 0.03437901498929331
0 0.046188589540412044 0.47039614561027837 0.011624405705229796 0.025374732334047096
0 0.06818145800316956 0.47073875802997855 0.011624405705229796 0.025374732334047096
