0 0.3544374009508716 0.4707708779443255 0.02068145800316959 0.033190578158458245
0 0.4826664025356577 0.45795503211991434 0.015412044374009545 0.01976445396145608
0 0.26271790808240886 0.5246252676659529 0.03858954041204436 0.09850107066381156
0 0.8649504754358163 0.1277301927194861 0.01082012678288429 0.023147751605995737
3 0.8315768621236134 0.5332922912205568 0.33684627575277337 0.45673447537473233
0 0.4102159270998415 0.46857601713062097 0.01688985736925515 0.028372591006423982
0 0.5501188589540412 0.45677730192719485 0.016624405705229807 0.02211991434689504
0 0.4485301109350238 0.5082441113490365 0.029389857369255177 0.047965738758029994
1 0.4877080031695721 0.4404710920770878 0.037658478605388256 0.048608137044967914
0 0.44865293185419974 0.4546252676659529 0.01624405705229794 0.025738758029978548
0 0.4959389857369255 0.49587794432548177 0.02254358161648181 0.04614561027837256
1 0.5804219492868462 0.4445289079229122 0.0313906497622821 0.039807280513918575
0 0.3544374009508716 0.4707708779443255 0.02068145800316959 0.033190578158458245
0 0.4826664025356577 0.45795503211991434 0.015412044374009545 0.01976445396145608
0 0.26271790808240886 0.5246252676659529 0.03858954041204436 0.09850107066381156
0 0.8649504754358163 0.1277301927194861 0.01082012678288429 0.023147751605995737
3 0.8315768621236134 0.5332922912205568 0.33684627575277337 0.45673447537473233
0 0.4102159270998415 0.46857601713062097 0.01688985736925515 0.028372591006423982
0 0.5501188589540412 0.45677730192719485 0.016624405705229807 0.02211991434689504
0 0.4485301109350238 0.5082441113490365 0.029389857369255177 0.047965738758029994
1 0.4877080031695721 0.4404710920770878 0.037658478605388256 0.048608137044967914
0 0.44865293185419974 0.4546252676659529 0.01624405705229794 0.025738758029978548
0 0.4959389857369255 0.49587794432548177 0.02254358161648181 0.04614561027837256
1 0.5804219492868462 0.4445289079229122 0.0313906497622821 0.039807280513918575
