17 0.2277535657686212 0.4633511777301927 0.006394611727416793 0.06199143468950753
17 0.7484092709984151 0.530203426124197 0.03160459587955625 0.09535331905781586
17 0.38180467511885896 0.42914346895074945 0.00417194928684631 0.02569593147751606
17 0.2103070522979398 0.4708672376873662 0.006810618066560991 0.06423982869379015
17 0.24485538827258324 0.4539614561027837 0.005003961965134705 0.05297644539614563
0 0.7975118858954041 0.8597537473233404 0.40497622820919177 0.2804925053533191
17 0.4380190174326466 0.4447644539614561 0.0090095087163233 0.04057815845824415
17 0.4703248811410459 0.45520342612419695 0.009175911251981014 0.04689507494646682
0 0.3044572107765452 0.444914346895075 0.018573692551505545 0.03839400428265526
17 0.339904912836767 0.41720021413276226 0.003169572107765452 0.019839400428265555
17 0.2518759904912837 0.4500160599571734 0.003197305863708374 0.045085653104925065
17 0.3701862123613312 0.42667023554603856 0.0030031695721077817 0.025246252676659513
0 0.8524385895404122 0.132093147751606 0.01301505546751185 0.030032119914346907
0 0.40424128367670364 0.45066916488222697 0.03574088748019019 0.05821199143468951
1 0.9260835974643424 0.11164882226980728 0.025431854199683065 0.04922912205567451
2 0.873593502377179 0.12371520342612422 0.01731378763866889 0.05642398286937902
17 0.35287440570522977 0.46654710920770875 0.0050198098256735175 0.05185224839400429
0 0.8924326465927099 0.7026231263383298 0.21513470681458002 0.25942184154175585
17 0.5905447702060221 0.4900267665952891 0.016509508716323236 0.07026766595289079
17 0.3531675911251981 0.42148286937901497 0.00333993660855787 0.021188436830835138
17 0.37915213946117277 0.4810117773019272 0.009469096671949277 0.07476445396145609
17 0.5170661648177496 0.4655942184154176 0.013181458003169565 0.06311563169164881
0 0.3264540412044374 0.4680942184154176 0.031125198098256715 0.07261241970021412
17 0.19014659270998416 0.47702355460385437 0.00917591125198097 0.07364025695931481
1 0.27034667194928685 0.42059957173447543 0.03234944532488113 0.13096359743040684
17 0.23665213946117272 0.45884368308351176 0.006671949286846288 0.05974304068522479
17 0.3161014263074485 0.43329764453961456 0.002931854199683034 0.019914346895074972
17 0.2277535657686212 0.4633511777301927 0.006394611727416793 0.06199143468950753
17 0.7484092709984151 0.530203426124197 0.03160459587955625 0.09535331905781586
17 0.38180467511885896 0.42914346895074945 0.00417194928684631 0.02569593147751606
17 0.2103070522979398 0.4708672376873662 0.006810618066560991 0.06423982869379015
17 0.24485538827258324 0.4539614561027837 0.005003961965134705 0.05297644539614563
0 0.7975118858954041 0.8597537473233404 0.40497622820919177 0.2804925053533191
17 0.4380190174326466 0.4447644539614561 0.0090095087163233 0.04057815845824415
17 0.4703248811410459 0.45520342612419695 0.009175911251981014 0.04689507494646682
0 0.3044572107765452 0.444914346895075 0.018573692551505545 0.03839400428265526
17 0.339904912836767 0.41720021413276226 0.003169572107765452 0.019839400428265555
17 0.2518759904912837 0.4500160599571734 0.003197305863708374 0.045085653104925065
17 0.3701862123613312 0.42667023554603856 0.0030031695721077817 0.025246252676659513
0 0.8524385895404122 0.132093147751606 0.01301505546751185 0.030032119914346907
0 0.40424128367670364 0.45066916488222697 0.03574088748019019 0.05821199143468951
1 0.9260835974643424 0.11164882226980728 0.025431854199683065 0.04922912205567451
2 0.873593502377179 0.12371520342612422 0.01731378763866889 0.05642398286937902
17 0.35287440570522977 0.46654710920770875 0.0050198098256735175 0.05185224839400429
0 0.8924326465927099 0.7026231263383298 0.21513470681458002 0.25942184154175585
17 0.5905447702060221 0.4900267665952891 0.016509508716323236 0.07026766595289079
17 0.3531675911251981 0.42148286937901497 0.00333993660855787 0.021188436830835138
17 0.37915213946117277 0.4810117773019272 0.009469096671949277 0.07476445396145609
17 0.5170661648177496 0.4655942184154176 0.013181458003169565 0.06311563169164881
0 0.3264540412044374 0.4680942184154176 0.031125198098256715 0.07261241970021412
17 0.19014659270998416 0.47702355460385437 0.00917591125198097 0.07364025695931481
1 0.27034667194928685 0.42059957173447543 0.03234944532488113 0.13096359743040684
17 0.23665213946117272 0.45884368308351176 0.006671949286846288 0.05974304068522479
17 0.3161014263074485 0.43329764453961456 0.002931854199683034 0.019914346895074972
