17 0.1223256735340729 0.586745182012848 0.02270206022187003 0.17657387580299788
17 0.7129477020602218 0.5648501070663811 0.04019017432646595 0.11869379014989295
17 0.2974247226624406 0.518576017130621 0.015451664025356577 0.08040685224839397
17 0.1377377179080824 0.5129817987152034 0.011291600633914422 0.09876873661670235
1 0.21501584786053884 0.445551391862955 0.0345879556259905 0.10585653104925054
0 0.18855190174326464 0.4373394004282655 0.015376386687797148 0.03358672376873662
1 0.31835182250396193 0.42457173447537466 0.05667194928684626 0.11059957173447539
17 0.10291204437400951 0.686889721627409 0.03720285261489698 0.2669057815845825
17 0.3479536450079239 0.45436295503211993 0.007127575277337563 0.04589935760171307
17 0.6111331220285261 0.7871895074946467 0.081933438985737 0.2890042826552463
0 0.4445443740095087 0.7642505353319057 0.23227416798732176 0.3491434689507495
17 0.24062995245641836 0.4703426124197002 0.007567353407290025 0.04775160599571737
17 0.5320305071315372 0.5038543897216274 0.020717115689381917 0.09344753747323344
17 0.03837559429477021 0.8666167023554605 0.04617274167987322 0.2667665952890792
17 0.9224881141045957 0.181076017130621 0.012733755942947652 0.05885438972162744
17 0.4406517432646592 0.4842398286937901 0.012603011093502356 0.059036402569593194
17 0.3704635499207607 0.5811188436830835 0.026980982567353415 0.12555674518201282
17 0.2618660855784469 0.4886509635974304 0.010103011093502378 0.058458244111349
17 0.132270206022187 0.5421841541755889 0.015253565768621236 0.12933618843683078
17 0.14093700475435816 0.49445931477516064 0.010978605388272574 0.0827730192719486
1 0.1639084786053883 0.41343683083511773 0.012658478605388268 0.05224839400428267
17 0.38488708399366084 0.46296573875802993 0.009385895404120421 0.057194860813704514
17 0.1223256735340729 0.586745182012848 0.02270206022187003 0.17657387580299788
17 0.7129477020602218 0.5648501070663811 0.04019017432646595 0.11869379014989295
17 0.2974247226624406 0.518576017130621 0.015451664025356577 0.08040685224839397
17 0.1377377179080824 0.5129817987152034 0.011291600633914422 0.09876873661670235
1 0.21501584786053884 0.445551391862955 0.0345879556259905 0.10585653104925054
0 0.18855190174326464 0.4373394004282655 0.015376386687797148 0.03358672376873662
1 0.31835182250396193 0.42457173447537466 0.05667194928684626 0.11059957173447539
17 0.10291204437400951 0.686889721627409 0.03720285261489698 0.2669057815845825
17 0.3479536450079239 0.45436295503211993 0.007127575277337563 0.04589935760171307
17 0.6111331220285261 0.7871895074946467 0.081933438985737 0.2890042826552463
0 0.4445443740095087 0.7642505353319057 0.23227416798732176 0.3491434689507495
17 0.24062995245641836 0.4703426124197002 0.007567353407290025 0.04775160599571737
17 0.5320305071315372 0.5038543897216274 0.020717115689381917 0.09344753747323344
17 0.03837559429477021 0.8666167023554605 0.04617274167987322 0.2667665952890792
17 0.9224881141045957 0.181076017130621 0.012733755942947652 0.05885438972162744
17 0.4406517432646592 0.4842398286937901 0.012603011093502356 0.059036402569593194
17 0.3704635499207607 0.5811188436830835 0.026980982567353415 0.12555674518201282
17 0.2618660855784469 0.4886509635974304 0.010103011093502378 0.058458244111349
17 0.132270206022187 0.5421841541755889 0.015253565768621236 0.12933618843683078
17 0.14093700475435816 0.49445931477516064 0.010978605388272574 0.0827730192719486
1 0.1639084786053883 0.41343683083511773 0.012658478605388268 0.05224839400428267
17 0.38488708399366084 0.46296573875802993 0.009385895404120421 0.057194860813704514
