1 0.21298732171156892 0.41464132762312633 0.013248811410459565 0.026755888650963608
0 0.34946909667194925 0.49825481798715204 0.020095087163232928 0.03740899357601713
17 0.18950079239302692 0.5106156316916488 0.005229793977812991 0.054421841541755875
1 0.1939025356576862 0.4111241970021413 0.014334389857369258 0.024646680942184133
7 0.48625198098256733 0.5004175588865096 0.061949286846275806 0.08306209850107064
17 0.1673930269413629 0.5281423982869379 0.006267828843106201 0.05577087794432552
7 0.025732963549920763 0.5019325481798715 0.051465927099841526 0.08392933618843681
0 0.2330923137876387 0.5320289079229121 0.025931061806656074 0.0532655246252676
0 0.2926703645007924 0.48808886509635974 0.014263074484944533 0.028533190578158434
1 0.19192947702060223 0.4313597430406852 0.011133122028526158 0.04122055674518201
0 0.8643660855784469 0.15140256959314774 0.019714738510301016 0.03935760171306209
1 0.20608161648177495 0.4647430406852248 0.014778129952456401 0.04576017130620986
1 0.25781299524564183 0.43640256959314777 0.01782091917591126 0.043897216274089934
1 0.21298732171156892 0.41464132762312633 0.013248811410459565 0.026755888650963608
0 0.34946909667194925 0.49825481798715204 0.020095087163232928 0.03740899357601713
17 0.18950079239302692 0.5106156316916488 0.005229793977812991 0.054421841541755875
1 0.1939025356576862 0.4111241970021413 0.014334389857369258 0.024646680942184133
7 0.48625198098256733 0.5004175588865096 0.061949286846275806 0.08306209850107064
17 0.1673930269413629 0.5281423982869379 0.006267828843106201 0.05577087794432552
7 0.025732963549920763 0.5019325481798715 0.051465927099841526 0.08392933618843681
0 0.2330923137876387 0.5320289079229121 0.025931061806656074 0.0532655246252676
0 0.2926703645007924 0.48808886509635974 0.014263074484944533 0.028533190578158434
1 0.19192947702060223 0.4313597430406852 0.011133122028526158 0.04122055674518201
0 0.8643660855784469 0.15140256959314774 0.019714738510301016 0.03935760171306209
1 0.20608161648177495 0.4647430406852248 0.014778129952456401 0.04576017130620986
1 0.25781299524564183 0.43640256959314777 0.01782091917591126 0.043897216274089934
