17 0.1614698890649762 0.47980728051391863 0.008597464342313782 0.07250535331905784
17 0.17056259904912838 0.4994271948608137 0.009112519809825673 0.08808351177730196
17 0.17941759112519812 0.5321145610278373 0.014461172741679873 0.12033190578158463
17 0.16598652931854202 0.48800856531049247 0.010023771790808246 0.0805139186295503
0 0.8566600633914422 0.1417184154175589 0.016703645007923873 0.032751605995717345
1 0.21856180665610142 0.43806745182012846 0.02087955625990493 0.06347965738758032
17 0.4684627575277338 0.46986081370449684 0.012678288431061807 0.062419700214132776
17 0.9539025356576862 0.22408458244111348 0.02405705229793988 0.10097430406852248
17 0.15653724247226625 0.6254817987152035 0.028367670364500778 0.20792291220556738
17 0.8918225039619652 0.1588115631691649 0.008914421553090333 0.04571734475374733
1 0.19910657686212363 0.4404925053533191 0.008442947702060246 0.0262098501070664
7 0.16586767036450079 0.43345824411134903 0.010816164817749609 0.019164882226980765
17 0.3305071315372425 0.4984475374732334 0.011885895404120444 0.06648822269807284
7 0.2694334389857369 0.43367237687366167 0.013906497622820929 0.019379014989293387
17 0.17735736925515055 0.5088543897216274 0.013431061806656115 0.09601713062098502
0 0.23839144215530905 0.46563169164882223 0.00839936608557842 0.013490364025695895
17 0.5425316957210776 0.49582441113490366 0.017630744849445323 0.06788008565310497
17 0.17333597464342312 0.5588329764453962 0.019175911251980975 0.14250535331905784
17 0.43221077654516643 0.456745182012848 0.008716323296354992 0.050749464668094255
17 0.3798534072900158 0.5382226980728051 0.019611727416798733 0.10214132762312632
17 0.15770602218700475 0.47328158458244113 0.00780507131537242 0.06371520342612419
17 0.1132527733755943 0.7803265524625268 0.04512678288431062 0.34041755888650954
17 0.5006537242472267 0.6459368308351179 0.04338351822503962 0.17300856531049255
0 0.26578843106180666 0.4726766595289079 0.03102218700475434 0.0569164882226981
17 0.678189381933439 0.5264453961456104 0.030705229793977815 0.11777301927194866
17 0.3043185419968304 0.4761241970021413 0.008478605388272574 0.05032119914346895
17 0.1614698890649762 0.47980728051391863 0.008597464342313782 0.07250535331905784
17 0.17056259904912838 0.4994271948608137 0.009112519809825673 0.08808351177730196
17 0.17941759112519812 0.5321145610278373 0.014461172741679873 0.12033190578158463
17 0.16598652931854202 0.48800856531049247 0.010023771790808246 0.0805139186295503
0 0.8566600633914422 0.1417184154175589 0.016703645007923873 0.032751605995717345
1 0.21856180665610142 0.43806745182012846 0.02087955625990493 0.06347965738758032
17 0.4684627575277338 0.46986081370449684 0.012678288431061807 0.062419700214132776
17 0.9539025356576862 0.22408458244111348 0.02405705229793988 0.10097430406852248
17 0.15653724247226625 0.6254817987152035 0.028367670364500778 0.20792291220556738
17 0.8918225039619652 0.1588115631691649 0.008914421553090333 0.04571734475374733
1 0.19910657686212363 0.4404925053533191 0.008442947702060246 0.0262098501070664
7 0.16586767036450079 0.43345824411134903 0.010816164817749609 0.019164882226980765
17 0.3305071315372425 0.4984475374732334 0.011885895404120444 0.06648822269807284
7 0.2694334389857369 0.43367237687366167 0.013906497622820929 0.019379014989293387
17 0.17735736925515055 0.5088543897216274 0.013431061806656115 0.09601713062098502
0 0.23839144215530905 0.46563169164882223 0.00839936608557842 0.013490364025695895
17 0.5425316957210776 0.49582441113490366 0.017630744849445323 0.06788008565310497
17 0.17333597464342312 0.5588329764453962 0.019175911251980975 0.14250535331905784
17 0.43221077654516643 0.456745182012848 0.008716323296354992 0.050749464668094255
17 0.3798534072900158 0.5382226980728051 0.019611727416798733 0.10214132762312632
17 0.15770602218700475 0.47328158458244113 0.00780507131537242 0.06371520342612419
17 0.1132527733755943 0.7803265524625268 0.04512678288431062 0.34041755888650954
17 0.5006537242472267 0.6459368308351179 0.04338351822503962 0.17300856531049255
0 0.26578843106180666 0.4726766595289079 0.03102218700475434 0.0569164882226981
17 0.678189381933439 0.5264453961456104 0.030705229793977815 0.11777301927194866
17 0.3043185419968304 0.4761241970021413 0.008478605388272574 0.05032119914346895
