17 0.08242868462757529 0.6334635974304068 0.032131537242472266 0.20482869379014984
17 0.42278129952456417 0.4525856531049251 0.009112519809825673 0.048661670235546024
17 0.4938391442155308 0.4728426124197002 0.01255942947702062 0.06395074946466811
2 0.19316957210776545 0.40087259100642403 0.010499207606973059 0.03305139186295504
17 0.3078823296354992 0.4179282655246253 0.0037757527733755835 0.023008565310492453
0 0.8672662440570523 0.1392184154175589 0.020697305863708312 0.03740899357601713
17 0.34873613312202856 0.43011241970021413 0.00465927099841521 0.032494646680942145
17 0.325818145800317 0.42305674518201286 0.004536450079239321 0.026841541755888643
1 0.7719690966719494 0.4884154175588865 0.4560618066561014 0.4246680942184154
17 0.3785796354992076 0.43943790149892925 0.006152931854199672 0.03981798715203426
1 0.2574821711568938 0.3948875802997859 0.0219611727416799 0.04362955032119915
1 0.2902713946117274 0.4026498929336189 0.029996038034865308 0.05936830835117772
0 0.20924524564183836 0.44001070663811565 0.016770998415213918 0.03496788008565313
