0 0.32769413629160066 0.40859743040685226 0.015451664025356577 0.034625267665952926
0 0.5141283676703644 0.6907334047109207 0.19614896988906505 0.26840471092077095
0 0.3187400950871632 0.4491970021413276 0.026703645007923965 0.06177730192719485
7 0.355919175911252 0.34093147751605996 0.01735340729001583 0.06107066381156313
7 0.20282091917591125 0.40860813704496785 0.007408874801901739 0.032012847965738736
0 0.32769413629160066 0.40859743040685226 0.015451664025356577 0.034625267665952926
0 0.5141283676703644 0.6907334047109207 0.19614896988906505 0.26840471092077095
0 0.3187400950871632 0.4491970021413276 0.026703645007923965 0.06177730192719485
7 0.355919175911252 0.34093147751605996 0.01735340729001583 0.06107066381156313
7 0.20282091917591125 0.40860813704496785 0.007408874801901739 0.032012847965738736
