0 0.8573098256735341 0.1270556745182013 0.008217115689381847 0.017944325481798706
0 0.2553486529318542 0.4411670235546038 0.017115689381933457 0.035653104925053546
0 0.28888668779714743 0.4786402569593147 0.035221870047543576 0.06884368308351178
0 0.2789203645007924 0.41808351177730196 0.008442947702060201 0.01556745182012844
0 0.269276941362916 0.4208618843683084 0.008442947702060201 0.016498929336188465
3 0.23927496038034868 0.4030513918629551 0.01114896988906497 0.021734475374732345
0 0.2412757527733756 0.4268683083511777 0.011632329635499213 0.024850107066381195
1 0.4479694928684628 0.39671306209850105 0.017214738510301128 0.025974304068522535
0 0.527377179080824 0.5302997858672377 0.07963549920760697 0.10578158458244119
16 0.09594690966719494 0.45974839400428263 0.003137876386687792 0.04039614561027833
7 0.16994849445324883 0.3725053533190578 0.02587955625990491 0.07749464668094218
7 0.9294552297939777 0.08569057815845824 0.01964738510301097 0.06198072805139186
0 0.29736529318541993 0.4330460385438972 0.01374801901743262 0.02748394004282657
6 0.11495641838351822 0.4027676659528908 0.00677496038034864 0.017591006423982817
0 0.2301485736925515 0.41830835117773024 0.007048335974643409 0.01627408993576016
0 0.8573098256735341 0.1270556745182013 0.008217115689381847 0.017944325481798706
0 0.2553486529318542 0.4411670235546038 0.017115689381933457 0.035653104925053546
0 0.28888668779714743 0.4786402569593147 0.035221870047543576 0.06884368308351178
0 0.2789203645007924 0.41808351177730196 0.008442947702060201 0.01556745182012844
0 0.269276941362916 0.4208618843683084 0.008442947702060201 0.016498929336188465
3 0.23927496038034868 0.4030513918629551 0.01114896988906497 0.021734475374732345
0 0.2412757527733756 0.4268683083511777 0.011632329635499213 0.024850107066381195
1 0.4479694928684628 0.39671306209850105 0.017214738510301128 0.025974304068522535
0 0.527377179080824 0.5302997858672377 0.07963549920760697 0.10578158458244119
16 0.09594690966719494 0.45974839400428263 0.003137876386687792 0.04039614561027833
7 0.16994849445324883 0.3725053533190578 0.02587955625990491 0.07749464668094218
7 0.9294552297939777 0.08569057815845824 0.01964738510301097 0.06198072805139186
0 0.29736529318541993 0.4330460385438972 0.01374801901743262 0.02748394004282657
6 0.11495641838351822 0.4027676659528908 0.00677496038034864 0.017591006423982817
0 0.2301485736925515 0.41830835117773024 0.007048335974643409 0.01627408993576016
