0 0.17141045958795562 0.42523019271948603 0.012828843106180664 0.022430406852248383
0 0.20833597464342316 0.43367237687366167 0.01444532488114106 0.029421841541755908
7 0.09729397781299524 0.4446038543897216 0.00840729001584786 0.04194860813704498
7 0.030362519809825676 0.4224250535331906 0.05995641838351823 0.061145610278372606
0 0.23882725832012677 0.45239828693790146 0.021077654516640225 0.04398286937901497
0 0.17141045958795562 0.42523019271948603 0.012828843106180664 0.022430406852248383
0 0.20833597464342316 0.43367237687366167 0.01444532488114106 0.029421841541755908
7 0.09729397781299524 0.4446038543897216 0.00840729001584786 0.04194860813704498
7 0.030362519809825676 0.4224250535331906 0.05995641838351823 0.061145610278372606
0 0.23882725832012677 0.45239828693790146 0.021077654516640225 0.04398286937901497
