0 0.8647167194928685 0.1383404710920771 0.019504754358161656 0.03755888650963597
0 0.29835776545166404 0.46727516059957175 0.03910063391442153 0.07894004282655248
2 0.22182250396196512 0.3991220556745182 0.011664025356576884 0.03537473233404713
3 0.19532488114104596 0.39617773019271946 0.009350237717908091 0.029700214132762262
0 0.24069136291600635 0.4188758029978587 0.015178288431061785 0.03224839400428266
7 0.10307646592709985 0.3264775160599572 0.07062995245641839 0.21556745182012851
13 0.8922325673534073 0.11436830835117773 0.01479001584786051 0.021027837259100644
0 0.8647167194928685 0.1383404710920771 0.019504754358161656 0.03755888650963597
0 0.29835776545166404 0.46727516059957175 0.03910063391442153 0.07894004282655248
2 0.22182250396196512 0.3991220556745182 0.011664025356576884 0.03537473233404713
3 0.19532488114104596 0.39617773019271946 0.009350237717908091 0.029700214132762262
0 0.24069136291600635 0.4188758029978587 0.015178288431061785 0.03224839400428266
7 0.10307646592709985 0.3264775160599572 0.07062995245641839 0.21556745182012851
13 0.8922325673534073 0.11436830835117773 0.01479001584786051 0.021027837259100644
