0 0.32121830427892234 0.5033190578158457 0.04972662440570522 0.09464668094218413
0 0.3477555467511886 0.43987152034261245 0.02086767036450082 0.04034261241970022
0 0.27879556259904914 0.4418094218415417 0.020412044374009546 0.04580299785867241
0 0.5986093502377179 0.5423126338329765 0.12319334389857363 0.14209850107066377
0 0.8643759904912837 0.13579764453961454 0.015384310618066532 0.030695931477516047
0 0.32121830427892234 0.5033190578158457 0.04972662440570522 0.09464668094218413
0 0.3477555467511886 0.43987152034261245 0.02086767036450082 0.04034261241970022
0 0.27879556259904914 0.4418094218415417 0.020412044374009546 0.04580299785867241
0 0.5986093502377179 0.5423126338329765 0.12319334389857363 0.14209850107066377
0 0.8643759904912837 0.13579764453961454 0.015384310618066532 0.030695931477516047
