0 0.3054833597464342 0.4484475374732334 0.021125198098256755 0.04104925053533188
1 0.36080229793977814 0.4192237687366167 0.012785261489698883 0.03067451820128477
1 0.45984152139461165 0.41850642398286936 0.025721077654516578 0.08718415417558888
1 0.3514045166402535 0.4204710920770878 0.016921553090332775 0.04642398286937897
0 0.4245701267828843 0.43561027837259103 0.013062599049128288 0.026852248394004265
3 0.530419968304279 0.44131156316916487 0.09443740095087168 0.15778372591006423
0 0.4388054675118859 0.42797109207708783 0.0085776545166402 0.014550321199143443
3 0.3755328843106181 0.41515524625267664 0.011533280507131543 0.03701284796573875
0 0.39001386687797146 0.42807815845824415 0.01065372424722662 0.021895074946466798
0 0.343520206022187 0.45600642398286934 0.019298732171156862 0.040321199143468975
