1 0.41144611727416797 0.3989614561027837 0.010261489698890685 0.04203426124197001
0 0.39028129952456414 0.600840471092077 0.08243264659270996 0.14071734475374728
16 0.2716640253565769 0.43637044967880084 0.002258320126782857 0.02344753747323338
0 0.4312599049128368 0.5017773019271948 0.03161648177496045 0.05965738758029975
0 0.34105190174326466 0.45488222698072805 0.017579239302694137 0.03841541755888651
1 0.48724841521394613 0.46089400428265526 0.07914817749603803 0.1478051391862955
13 0.24012083993660857 0.4190792291220557 0.02607369255150557 0.025010706638115648
1 0.4376366877971474 0.4151391862955032 0.020764659270998357 0.06950749464668096
3 0.36478803486529315 0.3990256959314775 0.013213153724247235 0.03706638115631692
0 0.3086846275752773 0.4546038543897217 0.01919968304278924 0.03505353319057817
16 0.31078446909667196 0.414796573875803 0.001584786053882726 0.01755888650963595
2 0.3445602218700476 0.4154014989293362 0.014207606973058642 0.042002141327623144
1 0.41144611727416797 0.3989614561027837 0.010261489698890685 0.04203426124197001
0 0.39028129952456414 0.600840471092077 0.08243264659270996 0.14071734475374728
16 0.2716640253565769 0.43637044967880084 0.002258320126782857 0.02344753747323338
0 0.4312599049128368 0.5017773019271948 0.03161648177496045 0.05965738758029975
0 0.34105190174326466 0.45488222698072805 0.017579239302694137 0.03841541755888651
1 0.48724841521394613 0.46089400428265526 0.07914817749603803 0.1478051391862955
13 0.24012083993660857 0.4190792291220557 0.02607369255150557 0.025010706638115648
1 0.4376366877971474 0.4151391862955032 0.020764659270998357 0.06950749464668096
3 0.36478803486529315 0.3990256959314775 0.013213153724247235 0.03706638115631692
0 0.3086846275752773 0.4546038543897217 0.01919968304278924 0.03505353319057817
16 0.31078446909667196 0.414796573875803 0.001584786053882726 0.01755888650963595
2 0.3445602218700476 0.4154014989293362 0.014207606973058642 0.042002141327623144
