16 0.15875198098256735 0.4760492505353319 0.003914421553090331 0.05057815845824412
0 0.3466045958795562 0.4154389721627409 0.005586370839936618 0.010171306209850108
1 0.36467313787638667 0.40995717344753746 0.012412836767036466 0.04539614561027841
0 0.3065431854199683 0.4689882226980728 0.02758716323296355 0.056177730192719454
1 0.3279714738510301 0.4073875802997859 0.014421553090332795 0.031049250535331904
0 0.2494215530903328 0.4578372591006424 0.020396196513470688 0.04736616702355461
16 0.461681854199683 0.45373661670235543 0.00278526148969888 0.035952890792291206
0 0.9164144215530903 0.1394593147751606 0.018827258320126775 0.028490364025695932
0 0.2983042789223455 0.43183618843683086 0.011236133122028532 0.02534261241970023
0 0.8627060221870049 0.13132762312633833 0.013415213946117324 0.030321199143468945
0 0.8546949286846276 0.1207762312633833 0.006299524564183691 0.015171306209850108
3 0.29361133122028527 0.41262312633832976 0.016580824088748027 0.04014989293361884
16 0.22799920760697306 0.4363383297644539 0.0019255150554675173 0.02492505353319061
2 0.2678367670364501 0.4221627408993576 0.01599049128367671 0.05032119914346895
0 0.45528922345483364 0.4956423982869379 0.0550316957210776 0.07552462526766592
1 0.9285974643423137 0.12077087794432549 0.03964342313787637 0.056616702355460395
16 0.9608815372424724 0.13769271948608136 0.0021909667194929478 0.019047109207708787
1 0.4075633914421553 0.4211188436830835 0.0517353407290016 0.10369379014989295
16 0.15875198098256735 0.4760492505353319 0.003914421553090331 0.05057815845824412
0 0.3466045958795562 0.4154389721627409 0.005586370839936618 0.010171306209850108
1 0.36467313787638667 0.40995717344753746 0.012412836767036466 0.04539614561027841
0 0.3065431854199683 0.4689882226980728 0.02758716323296355 0.056177730192719454
1 0.3279714738510301 0.4073875802997859 0.014421553090332795 0.031049250535331904
0 0.2494215530903328 0.4578372591006424 0.020396196513470688 0.04736616702355461
16 0.461681854199683 0.45373661670235543 0.00278526148969888 0.035952890792291206
0 0.9164144215530903 0.1394593147751606 0.018827258320126775 0.028490364025695932
0 0.2983042789223455 0.43183618843683086 0.011236133122028532 0.02534261241970023
0 0.8627060221870049 0.13132762312633833 0.013415213946117324 0.030321199143468945
0 0.8546949286846276 0.1207762312633833 0.006299524564183691 0.015171306209850108
3 0.29361133122028527 0.41262312633832976 0.016580824088748027 0.04014989293361884
16 0.22799920760697306 0.4363383297644539 0.0019255150554675173 0.02492505353319061
2 0.2678367670364501 0.4221627408993576 0.01599049128367671 0.05032119914346895
0 0.45528922345483364 0.4956423982869379 0.0550316957210776 0.07552462526766592
1 0.9285974643423137 0.12077087794432549 0.03964342313787637 0.056616702355460395
16 0.9608815372424724 0.13769271948608136 0.0021909667194929478 0.019047109207708787
1 0.4075633914421553 0.4211188436830835 0.0517353407290016 0.10369379014989295
