3 0.27886687797147386 0.43124197002141323 0.016434231378763875 0.046081370449678825
7 0.17605388272583203 0.4481423982869379 0.006941362916006332 0.03260171306209855
1 0.3221295562599049 0.42321199143468946 0.012460380348652905 0.032933618843683135
0 0.643716323296355 0.633051391862955 0.21233755942947705 0.2503211991434689
0 0.34117076069730584 0.47177730192719486 0.023363708399366096 0.045182012847965726
16 0.26259706814580036 0.4321092077087795 0.0021275752773375614 0.012655246252676652
0 0.8653129952456419 0.12875267665952891 0.007099841521394641 0.016948608137044952
7 0.33246236133122026 0.3681316916488223 0.045186212361331204 0.022387580299785895
2 0.31994057052297936 0.44392933618843683 0.009722662440570509 0.02738758029978591
0 0.3321592709984152 0.4382869379014989 0.007464342313787606 0.0135117773019272
2 0.3008379556259905 0.43514453961456107 0.01191362916006341 0.03682012847965737
0 0.8844770206022188 0.1289132762312634 0.010412044374009407 0.021745182012847968
0 0.29220087163232966 0.45324946466809424 0.012927892234548334 0.03183083511777298
