0 0.3184290808240888 0.4363276231263383 0.013688589540412027 0.029464668094218455
0 0.3025198098256735 0.4066916488222698 0.005150554675118859 0.011456102783725898
0 0.35983755942947704 0.47429871520342615 0.03721870047543584 0.07193790149892933
2 0.3065729001584786 0.4123875802997859 0.007535657686212354 0.02370449678800855
0 0.2898553882725832 0.4398286937901499 0.013474643423137873 0.02933618843683081
7 0.26684627575277337 0.38048179871520343 0.008161648177496048 0.014882226980728027
3 0.2643205229793978 0.4032976445396146 0.013189381933438972 0.047280513918629516
7 0.31044572107765456 0.25990364025695933 0.08689778129952458 0.06884368308351176
1 0.28920760697305864 0.3963597430406852 0.008478605388272574 0.03683083511777299
0 0.9447741679873217 0.17180942184154174 0.04889857369255154 0.06580299785867236
7 0.24217511885895404 0.25936830835117775 0.049247226624405685 0.0690578158458244
1 0.4175356576862124 0.3407708779443255 0.03470681458003175 0.021306209850107102
0 0.8810855784469097 0.15782655246252678 0.025435816164817677 0.05169164882226982
1 0.28853803486529317 0.4112526766595289 0.011458003169572137 0.04002141327623126
0 0.3184290808240888 0.4363276231263383 0.013688589540412027 0.029464668094218455
0 0.3025198098256735 0.4066916488222698 0.005150554675118859 0.011456102783725898
0 0.35983755942947704 0.47429871520342615 0.03721870047543584 0.07193790149892933
2 0.3065729001584786 0.4123875802997859 0.007535657686212354 0.02370449678800855
0 0.2898553882725832 0.4398286937901499 0.013474643423137873 0.02933618843683081
7 0.26684627575277337 0.38048179871520343 0.008161648177496048 0.014882226980728027
3 0.2643205229793978 0.4032976445396146 0.013189381933438972 0.047280513918629516
7 0.31044572107765456 0.25990364025695933 0.08689778129952458 0.06884368308351176
1 0.28920760697305864 0.3963597430406852 0.008478605388272574 0.03683083511777299
0 0.9447741679873217 0.17180942184154174 0.04889857369255154 0.06580299785867236
7 0.24217511885895404 0.25936830835117775 0.049247226624405685 0.0690578158458244
1 0.4175356576862124 0.3407708779443255 0.03470681458003175 0.021306209850107102
0 0.8810855784469097 0.15782655246252678 0.025435816164817677 0.05169164882226982
1 0.28853803486529317 0.4112526766595289 0.011458003169572137 0.04002141327623126
