1 0.9112262282091917 0.11443790149892934 0.03963946117274175 0.05309421841541756
1 0.31527139461172743 0.40887580299785864 0.02162044374009506 0.047794432548179853
0 0.24483954041204434 0.4283029978586723 0.009243264659271014 0.018190578158458193
0 0.4176782884310618 0.48270877944325485 0.04683042789223452 0.06526766595289077
0 0.33096275752773374 0.5144111349036403 0.05463549920760696 0.09351177730192717
1 0.27259508716323294 0.403865096359743 0.010895404120443741 0.028522483940042812
1 0.22033478605388274 0.4165792291220557 0.011580824088748026 0.03977516059957177
3 0.20099445324881138 0.4091059957173448 0.010895404120443718 0.03838329764453958
0 0.2750792393026941 0.4163490364025696 0.007416798732171123 0.014646680942184161
0 0.37134112519809825 0.44674518201284796 0.023759904912836777 0.03809421841541754
0 0.2225594294770206 0.43747323340471095 0.013407290015847829 0.03222698072805136
2 0.866933438985737 0.14005888650963597 0.019786053882725852 0.04440042826552464
16 0.47256735340729 0.4540899357601713 0.0037559429477020674 0.03674518201284796
0 0.23136093502377175 0.4151284796573876 0.004710776545166397 0.010813704496787972
1 0.28560618066561017 0.40499999999999997 0.013407290015847829 0.03612419700214134
1 0.9112262282091917 0.11443790149892934 0.03963946117274175 0.05309421841541756
1 0.31527139461172743 0.40887580299785864 0.02162044374009506 0.047794432548179853
0 0.24483954041204434 0.4283029978586723 0.009243264659271014 0.018190578158458193
0 0.4176782884310618 0.48270877944325485 0.04683042789223452 0.06526766595289077
0 0.33096275752773374 0.5144111349036403 0.05463549920760696 0.09351177730192717
1 0.27259508716323294 0.403865096359743 0.010895404120443741 0.028522483940042812
1 0.22033478605388274 0.4165792291220557 0.011580824088748026 0.03977516059957177
3 0.20099445324881138 0.4091059957173448 0.010895404120443718 0.03838329764453958
0 0.2750792393026941 0.4163490364025696 0.007416798732171123 0.014646680942184161
0 0.37134112519809825 0.44674518201284796 0.023759904912836777 0.03809421841541754
0 0.2225594294770206 0.43747323340471095 0.013407290015847829 0.03222698072805136
2 0.866933438985737 0.14005888650963597 0.019786053882725852 0.04440042826552464
16 0.47256735340729 0.4540899357601713 0.0037559429477020674 0.03674518201284796
0 0.23136093502377175 0.4151284796573876 0.004710776545166397 0.010813704496787972
1 0.28560618066561017 0.40499999999999997 0.013407290015847829 0.03612419700214134
