3 0.5067373217115689 0.42257494646680943 0.09267432646592713 0.09981798715203428
1 0.1909944532488114 0.40165417558886507 0.011592709984152136 0.031809421841541737
7 0.20035261489698888 0.3372055674518201 0.02127575277337559 0.029550321199143494
0 0.3563827258320127 0.4414453961456103 0.020245641838351786 0.03683083511777299
1 0.23405309033280508 0.41207708779443253 0.01178288431061807 0.03565310492505348
0 0.28987321711568936 0.4417558886509636 0.017432646592709985 0.03158458244111349
7 0.23516244057052296 0.3377837259100642 0.021354992076069723 0.028907922912205567
0 0.24784865293185418 0.4325214132762313 0.013288431061806686 0.029710920770877943
0 0.8769156101426308 0.13126338329764456 0.012127575277337429 0.02237687366167024
1 0.8617947702060222 0.4553747323340471 0.2764104595879557 0.35558886509635973
3 0.2118462757527734 0.40683618843683084 0.012916006339144224 0.039582441113490394
2 0.5065828050713154 0.5420770877944325 0.1183954041204437 0.16916488222698067
3 0.5067373217115689 0.42257494646680943 0.09267432646592713 0.09981798715203428
1 0.1909944532488114 0.40165417558886507 0.011592709984152136 0.031809421841541737
7 0.20035261489698888 0.3372055674518201 0.02127575277337559 0.029550321199143494
0 0.3563827258320127 0.4414453961456103 0.020245641838351786 0.03683083511777299
1 0.23405309033280508 0.41207708779443253 0.01178288431061807 0.03565310492505348
0 0.28987321711568936 0.4417558886509636 0.017432646592709985 0.03158458244111349
7 0.23516244057052296 0.3377837259100642 0.021354992076069723 0.028907922912205567
0 0.24784865293185418 0.4325214132762313 0.013288431061806686 0.029710920770877943
0 0.8769156101426308 0.13126338329764456 0.012127575277337429 0.02237687366167024
1 0.8617947702060222 0.4553747323340471 0.2764104595879557 0.35558886509635973
3 0.2118462757527734 0.40683618843683084 0.012916006339144224 0.039582441113490394
2 0.5065828050713154 0.5420770877944325 0.1183954041204437 0.16916488222698067
