0 0.1918621236133122 0.4128693790149893 0.006893819334389848 0.01284796573875803
1 0.24695126782884314 0.4003533190578158 0.01528922345483361 0.02683083511777302
0 0.22341521394611727 0.46397216274089936 0.022979397781299524 0.05661670235546038
0 0.2143621236133122 0.4214721627408993 0.014619651347068137 0.03579229122055675
1 0.19359350237717907 0.40241970021413276 0.013431061806656092 0.02098501070663814
1 0.35636687797147387 0.40406852248394004 0.034944532488114126 0.05374732334047108
0 0.1918621236133122 0.4128693790149893 0.006893819334389848 0.01284796573875803
1 0.24695126782884314 0.4003533190578158 0.01528922345483361 0.02683083511777302
0 0.22341521394611727 0.46397216274089936 0.022979397781299524 0.05661670235546038
0 0.2143621236133122 0.4214721627408993 0.014619651347068137 0.03579229122055675
1 0.19359350237717907 0.40241970021413276 0.013431061806656092 0.02098501070663814
1 0.35636687797147387 0.40406852248394004 0.034944532488114126 0.05374732334047108
