1 0.4134488906497623 0.4197162740899357 0.08830824088748018 0.10660599571734475
0 0.4435499207606973 0.5575535331905781 0.09011093502377181 0.12388650963597435
0 0.8739421553090333 0.12644539614561026 0.01080824088748009 0.02214132762312633
0 0.2519829635499208 0.4788972162740899 0.030740887480190143 0.060578158458244095
0 0.05683438985736925 0.4150481798715203 0.006402535657686211 0.010267665952890765
0 0.27470087163232965 0.4610438972162741 0.024528526148969877 0.043072805139186314
0 0.09137876386687796 0.4208351177730193 0.009572107765451662 0.015653104925053538
0 0.9012876386687797 0.19791220556745182 0.051782884310618 0.10438972162740899
1 0.49581220285261485 0.4367773019271948 0.1730031695721078 0.20717344753747324
1 0.2941561014263075 0.414186295503212 0.04631537242472265 0.06777301927194862
1 0.19102614896988906 0.4166541755888651 0.0359350237717908 0.08253747323340468
1 0.9351941362916008 0.11765524625267666 0.031188589540411964 0.042205567451820115
0 0.8119671156893818 0.5413972162740899 0.18013074484944536 0.16780513918629547
1 0.4134488906497623 0.4197162740899357 0.08830824088748018 0.10660599571734475
0 0.4435499207606973 0.5575535331905781 0.09011093502377181 0.12388650963597435
0 0.8739421553090333 0.12644539614561026 0.01080824088748009 0.02214132762312633
0 0.2519829635499208 0.4788972162740899 0.030740887480190143 0.060578158458244095
0 0.05683438985736925 0.4150481798715203 0.006402535657686211 0.010267665952890765
0 0.27470087163232965 0.4610438972162741 0.024528526148969877 0.043072805139186314
0 0.09137876386687796 0.4208351177730193 0.009572107765451662 0.015653104925053538
0 0.9012876386687797 0.19791220556745182 0.051782884310618 0.10438972162740899
1 0.49581220285261485 0.4367773019271948 0.1730031695721078 0.20717344753747324
1 0.2941561014263075 0.414186295503212 0.04631537242472265 0.06777301927194862
1 0.19102614896988906 0.4166541755888651 0.0359350237717908 0.08253747323340468
1 0.9351941362916008 0.11765524625267666 0.031188589540411964 0.042205567451820115
0 0.8119671156893818 0.5413972162740899 0.18013074484944536 0.16780513918629547
