2 0.17070126782884312 0.4134207708779443 0.015332805071315368 0.041680942184154184
0 0.8509904912836768 0.1315471092077088 0.013122028526148927 0.02189507494646681
0 0.8771275752773375 0.1318576017130621 0.015079239302694114 0.023436830835117772
0 0.602959587955626 0.6256423982869379 0.15279714738510305 0.17248394004282652
0 0.3719175911251981 0.4567398286937902 0.03152139461172739 0.04112419700214136
0 0.2586687797147385 0.4268201284796574 0.014057052297939786 0.01837259100642401
1 0.5381358954041204 0.42872055674518195 0.159473058637084 0.1573340471092077
0 0.2401644215530903 0.4164186295503212 0.01087559429477018 0.02048179871520342
0 0.284837559429477 0.43458779443254814 0.015348652931854204 0.022044967880085628
0 0.26552694136291605 0.4517773019271949 0.023304278922345503 0.0379871520342612
0 0.18150158478605388 0.42047644539614565 0.008946117274167982 0.016862955032119913
2 0.33725832012678286 0.4245610278372591 0.03602218700475439 0.06800856531049254
