1 0.1561192551505547 0.4096145610278373 0.016446117274167983 0.03301927194860811
9 0.1125931061806656 0.4198715203426124 0.007412836767036465 0.01734475374732333
1 0.4534270998415214 0.4326070663811563 0.09591917591125199 0.10898286937901495
2 0.2149920760697306 0.4196466809421842 0.014096671949286817 0.029657387580299774
1 0.30376584786053884 0.4175695931477516 0.0471513470681458 0.06419700214132766
0 0.2916996830427892 0.46766059957173445 0.028454833597464316 0.04514989293361886
0 0.4286707606973059 0.47683618843683084 0.04855388272583199 0.0594967880085653
0 0.19067353407290016 0.43348501070663814 0.011854199683042795 0.020182012847965763
0 0.9105883518225039 0.149652034261242 0.02834786053882715 0.039882226980728054
1 0.9618858954041205 0.11713597430406852 0.04439778129952454 0.05968950749464668
2 0.2540610142630745 0.44887044967880085 0.04234548335974648 0.10921841541755888
1 0.1561192551505547 0.4096145610278373 0.016446117274167983 0.03301927194860811
9 0.1125931061806656 0.4198715203426124 0.007412836767036465 0.01734475374732333
1 0.4534270998415214 0.4326070663811563 0.09591917591125199 0.10898286937901495
2 0.2149920760697306 0.4196466809421842 0.014096671949286817 0.029657387580299774
1 0.30376584786053884 0.4175695931477516 0.0471513470681458 0.06419700214132766
0 0.2916996830427892 0.46766059957173445 0.028454833597464316 0.04514989293361886
0 0.4286707606973059 0.47683618843683084 0.04855388272583199 0.0594967880085653
0 0.19067353407290016 0.43348501070663814 0.011854199683042795 0.020182012847965763
0 0.9105883518225039 0.149652034261242 0.02834786053882715 0.039882226980728054
1 0.9618858954041205 0.11713597430406852 0.04439778129952454 0.05968950749464668
2 0.2540610142630745 0.44887044967880085 0.04234548335974648 0.10921841541755888
