0 0.2760697305863708 0.45994646680942186 0.02480190174326467 0.040449678800856564
2 0.12764263074484944 0.4119967880085653 0.012337559429477014 0.024186295503212024
0 0.3108161648177496 0.5254336188436831 0.05309033280507131 0.09238758029978583
2 0.175033676703645 0.4178800856531049 0.01482963549920761 0.02933618843683081
1 0.1019809825673534 0.40654710920770876 0.015134706814580028 0.027162740899357607
0 0.1415867670364501 0.42875802997858675 0.009694928684627586 0.017987152034261253
0 0.19324484944532488 0.4345824411134903 0.013193343898573675 0.021841541755888687
0 0.18077456418383517 0.43952890792291216 0.014639461172741675 0.02329764453961455
0 0.5814976228209191 0.48827623126338326 0.07060221870047545 0.07141327623126337
0 0.2760697305863708 0.45994646680942186 0.02480190174326467 0.040449678800856564
2 0.12764263074484944 0.4119967880085653 0.012337559429477014 0.024186295503212024
0 0.3108161648177496 0.5254336188436831 0.05309033280507131 0.09238758029978583
2 0.175033676703645 0.4178800856531049 0.01482963549920761 0.02933618843683081
1 0.1019809825673534 0.40654710920770876 0.015134706814580028 0.027162740899357607
0 0.1415867670364501 0.42875802997858675 0.009694928684627586 0.017987152034261253
0 0.19324484944532488 0.4345824411134903 0.013193343898573675 0.021841541755888687
0 0.18077456418383517 0.43952890792291216 0.014639461172741675 0.02329764453961455
0 0.5814976228209191 0.48827623126338326 0.07060221870047545 0.07141327623126337
