0 0.5528605388272584 0.5086884368308351 0.07078446909667198 0.08178800856531042
0 0.2744829635499208 0.45881691648822265 0.021279714738510272 0.042259100642398253
0 0.3526743264659271 0.45650963597430405 0.02601426307448493 0.04376873661670235
16 0.17420166402535658 0.4492505353319058 0.0028169572107765504 0.032334047109207696
1 0.22749009508716322 0.43328693790149897 0.048720285261489665 0.1910492505353319
0 0.9231992868462756 0.2259796573875803 0.07285657686212356 0.13052462526766592
0 0.3133934231378764 0.4290524625267666 0.009298732171156905 0.019732334047109217
16 0.42798930269413626 0.44994111349036403 0.0026822503961965965 0.03112419700214132
0 0.26718106180665613 0.43237687366167027 0.010099049128367675 0.02391862955032117
0 0.5528605388272584 0.5086884368308351 0.07078446909667198 0.08178800856531042
0 0.2744829635499208 0.45881691648822265 0.021279714738510272 0.042259100642398253
0 0.3526743264659271 0.45650963597430405 0.02601426307448493 0.04376873661670235
16 0.17420166402535658 0.4492505353319058 0.0028169572107765504 0.032334047109207696
1 0.22749009508716322 0.43328693790149897 0.048720285261489665 0.1910492505353319
0 0.9231992868462756 0.2259796573875803 0.07285657686212356 0.13052462526766592
0 0.3133934231378764 0.4290524625267666 0.009298732171156905 0.019732334047109217
16 0.42798930269413626 0.44994111349036403 0.0026822503961965965 0.03112419700214132
0 0.26718106180665613 0.43237687366167027 0.010099049128367675 0.02391862955032117
