7 0.347662440570523 0.40406852248394004 0.07979397781299528 0.06638115631691649
12 0.6886093502377179 0.45240899357601716 0.010895404120443741 0.03222698072805141
8 0.28548732171156893 0.4732441113490364 0.032424722662440585 0.03770877944325485
8 0.12873415213946116 0.47368308351177724 0.03242076069730586 0.040085653104925054
8 0.01196513470681458 0.4558618843683083 0.02393026941362916 0.10112419700214131
8 0.21251188589540412 0.4734368308351178 0.032424722662440564 0.038222698072805185
21 0.21103803486529318 0.832821199143469 0.08831220285261492 0.18562098501070665
7 0.347662440570523 0.40406852248394004 0.07979397781299528 0.06638115631691649
12 0.6886093502377179 0.45240899357601716 0.010895404120443741 0.03222698072805141
8 0.28548732171156893 0.4732441113490364 0.032424722662440585 0.03770877944325485
8 0.12873415213946116 0.47368308351177724 0.03242076069730586 0.040085653104925054
8 0.01196513470681458 0.4558618843683083 0.02393026941362916 0.10112419700214131
8 0.21251188589540412 0.4734368308351178 0.032424722662440564 0.038222698072805185
21 0.21103803486529318 0.832821199143469 0.08831220285261492 0.18562098501070665
