7 0.38766045958795564 0.3657334047109208 0.03641442155309037 0.13855460385438975
1 0.018999603803486528 0.4188865096359743 0.037999207606973055 0.18346895074946468
1 0.3094235340729002 0.405144539614561 0.04636687797147384 0.11067451820128474
0 0.15561410459587954 0.4372162740899358 0.029896988906497616 0.039271948608137056
0 0.4161251980982567 0.3931584582441114 0.01402535657686216 0.01693790149892933
7 0.38766045958795564 0.3657334047109208 0.03641442155309037 0.13855460385438975
1 0.018999603803486528 0.4188865096359743 0.037999207606973055 0.18346895074946468
1 0.3094235340729002 0.405144539614561 0.04636687797147384 0.11067451820128474
0 0.15561410459587954 0.4372162740899358 0.029896988906497616 0.039271948608137056
0 0.4161251980982567 0.3931584582441114 0.01402535657686216 0.01693790149892933
