8 0.31521592709984153 0.4772162740899358 0.02194532488114104 0.06428265524625269
8 0.1427080031695721 0.4497751605995718 0.01331616481774961 0.03809421841541754
8 0.21020998415213948 0.45792291220556747 0.016347068145800336 0.04753747323340469
8 0.03345483359746434 0.4460171306209851 0.010031695721077653 0.0290792291220557
8 0.08285657686212361 0.44661670235546036 0.011862123613312202 0.03456102783725907
8 0.559439381933439 0.5401659528907923 0.04112123613312201 0.1119379014989293
8 0.31521592709984153 0.4772162740899358 0.02194532488114104 0.06428265524625269
8 0.1427080031695721 0.4497751605995718 0.01331616481774961 0.03809421841541754
8 0.21020998415213948 0.45792291220556747 0.016347068145800336 0.04753747323340469
8 0.03345483359746434 0.4460171306209851 0.010031695721077653 0.0290792291220557
8 0.08285657686212361 0.44661670235546036 0.011862123613312202 0.03456102783725907
8 0.559439381933439 0.5401659528907923 0.04112123613312201 0.1119379014989293
