17 0.2248771790808241 0.5512526766595289 0.01038827258320128 0.055974304068522454
17 0.14750396196513468 0.5294111349036402 0.008050713153724244 0.04783725910064234
1 0.8783676703645008 0.11776231263383298 0.015118858954041147 0.05147751605995717
17 0.2664837559429477 0.5622965738758029 0.011858161648177521 0.057462526766595245
17 0.18511687797147386 0.5402944325481799 0.009401743264659278 0.0513169164882227
0 0.049712757527733756 0.478313704496788 0.03540015847860539 0.07198072805139188
17 0.09755744849445326 0.513576017130621 0.00793581616481775 0.04055674518201284
17 0.11880546751188589 0.5217719486081371 0.007927892234548333 0.04384368308351177
1 0.08715927099841522 0.408313704496788 0.04756735340729001 0.11180942184154176
17 0.2248771790808241 0.5512526766595289 0.01038827258320128 0.055974304068522454
17 0.14750396196513468 0.5294111349036402 0.008050713153724244 0.04783725910064234
1 0.8783676703645008 0.11776231263383298 0.015118858954041147 0.05147751605995717
17 0.2664837559429477 0.5622965738758029 0.011858161648177521 0.057462526766595245
17 0.18511687797147386 0.5402944325481799 0.009401743264659278 0.0513169164882227
0 0.049712757527733756 0.478313704496788 0.03540015847860539 0.07198072805139188
17 0.09755744849445326 0.513576017130621 0.00793581616481775 0.04055674518201284
17 0.11880546751188589 0.5217719486081371 0.007927892234548333 0.04384368308351177
1 0.08715927099841522 0.408313704496788 0.04756735340729001 0.11180942184154176
