16 0.16206022187004754 0.4383832976445396 0.002337559429477034 0.03128479657387583
16 0.25389263074484947 0.42807815845824415 0.0017709984152139118 0.016798715203426122
0 0.22696117274167987 0.48966809421841545 0.03458795562599047 0.07505353319057813
16 0.2812202852614897 0.4481263383297644 0.002377179080824089 0.026445396145610266
16 0.1778407290015848 0.42675053533190577 0.0017115689381933413 0.020353319057815837
16 0.4415946909667195 0.5902676659528908 0.007856576862123585 0.08995717344753751
16 0.01660261489698891 0.546365096359743 0.00952852614896989 0.10945396145610274
16 0.264282884310618 0.4357066381156317 0.002416798732171166 0.022591006423982894
16 0.3128367670364501 0.4795128479657388 0.003248811410459606 0.04210920770877943
16 0.12908874801901746 0.4624304068522484 0.0034865293185420013 0.05072805139186295
16 0.16206022187004754 0.4383832976445396 0.002337559429477034 0.03128479657387583
16 0.25389263074484947 0.42807815845824415 0.0017709984152139118 0.016798715203426122
0 0.22696117274167987 0.48966809421841545 0.03458795562599047 0.07505353319057813
16 0.2812202852614897 0.4481263383297644 0.002377179080824089 0.026445396145610266
16 0.1778407290015848 0.42675053533190577 0.0017115689381933413 0.020353319057815837
16 0.4415946909667195 0.5902676659528908 0.007856576862123585 0.08995717344753751
16 0.01660261489698891 0.546365096359743 0.00952852614896989 0.10945396145610274
16 0.264282884310618 0.4357066381156317 0.002416798732171166 0.022591006423982894
16 0.3128367670364501 0.4795128479657388 0.003248811410459606 0.04210920770877943
16 0.12908874801901746 0.4624304068522484 0.0034865293185420013 0.05072805139186295
