1 0.43226027397260275 0.42992974238875875 0.023409436834094362 0.041686182669789185
1 0.49014459665144594 0.41491803278688527 0.0189497716894977 0.037002341920374666
1 0.2550228310502283 0.4635128805620609 0.01598173515981735 0.05339578454332549
1 0.21902968036529677 0.4832786885245902 0.013082191780821916 0.05339578454332549
3 0.1271194824961948 0.6126814988290399 0.155 0.4048946135831382
1 0.3513432267884322 0.46350117096018734 0.030966514459665143 0.09337236533957846
7 0.41646499238964996 0.475327868852459 0.05834855403348559 0.07032786885245902
1 0.43226027397260275 0.42992974238875875 0.023409436834094362 0.041686182669789185
1 0.49014459665144594 0.41491803278688527 0.0189497716894977 0.037002341920374666
1 0.2550228310502283 0.4635128805620609 0.01598173515981735 0.05339578454332549
1 0.21902968036529677 0.4832786885245902 0.013082191780821916 0.05339578454332549
3 0.1271194824961948 0.6126814988290399 0.155 0.4048946135831382
1 0.3513432267884322 0.46350117096018734 0.030966514459665143 0.09337236533957846
7 0.41646499238964996 0.475327868852459 0.05834855403348559 0.07032786885245902
