1 0.7699683042789224 0.3705192719486081 0.04889064976228204 0.07204496788008562
9 0.7188074484944532 0.45960920770877944 0.009492868462757542 0.022344753747323344
7 0.3753189381933439 0.8814668094218415 0.0554635499207607 0.14903640256959308
1 0.6281893819334391 0.3070663811563169 0.0809429477020602 0.07858672376873663
1 0.34094690966719493 0.4092612419700214 0.11850237717908084 0.11445396145610276
1 0.9136489698890651 0.2883832976445396 0.06121236133122029 0.05706638115631693
0 0.5041798732171157 0.5299250535331905 0.042749603803486566 0.0609207708779443
1 0.6394215530903329 0.47425053533190575 0.055625990491283625 0.0904710920770878
9 0.5777773375594295 0.5850374732334047 0.012535657686212402 0.032537473233404696
2 0.5065511093502377 0.36711991434689506 0.048442947702060216 0.07089935760171309
0 0.8914936608557845 0.3859743040685225 0.0332250396196514 0.03618843683083507
1 0.7699683042789224 0.3705192719486081 0.04889064976228204 0.07204496788008562
9 0.7188074484944532 0.45960920770877944 0.009492868462757542 0.022344753747323344
7 0.3753189381933439 0.8814668094218415 0.0554635499207607 0.14903640256959308
1 0.6281893819334391 0.3070663811563169 0.0809429477020602 0.07858672376873663
1 0.34094690966719493 0.4092612419700214 0.11850237717908084 0.11445396145610276
1 0.9136489698890651 0.2883832976445396 0.06121236133122029 0.05706638115631693
0 0.5041798732171157 0.5299250535331905 0.042749603803486566 0.0609207708779443
1 0.6394215530903329 0.47425053533190575 0.055625990491283625 0.0904710920770878
9 0.5777773375594295 0.5850374732334047 0.012535657686212402 0.032537473233404696
2 0.5065511093502377 0.36711991434689506 0.048442947702060216 0.07089935760171309
0 0.8914936608557845 0.3859743040685225 0.0332250396196514 0.03618843683083507
