16 0.8863886687797147 0.19162205567451823 0.0032844690966719347 0.059925053533190574
7 0.22633122028526148 0.4182922912205567 0.025253565768621238 0.019967880085653082
10 0.6229001584786054 0.36638115631691653 0.016561014263074467 0.056959314775160585
8 0.5058617274167988 0.39211456102783726 0.006984944532488067 0.035085653104925035
7 0.2260281299524564 0.39713062098501073 0.025653724247226624 0.021263383297644555
20 0.45120047543581615 0.43553533190578153 0.0235023771790808 0.14755888650963597
5 0.4615570522979398 0.27788008565310496 0.061188589540412064 0.1258458244111349
1 0.9479397781299524 0.4404710920770878 0.10412044374009516 0.20685224839400426
16 0.5199128367670365 0.767382226980728 0.018565768621236184 0.21776231263383297
16 0.2695919175911252 0.44473768736616703 0.0017115689381933636 0.04735546038543899
16 0.8863886687797147 0.19162205567451823 0.0032844690966719347 0.059925053533190574
7 0.22633122028526148 0.4182922912205567 0.025253565768621238 0.019967880085653082
10 0.6229001584786054 0.36638115631691653 0.016561014263074467 0.056959314775160585
8 0.5058617274167988 0.39211456102783726 0.006984944532488067 0.035085653104925035
7 0.2260281299524564 0.39713062098501073 0.025653724247226624 0.021263383297644555
20 0.45120047543581615 0.43553533190578153 0.0235023771790808 0.14755888650963597
5 0.4615570522979398 0.27788008565310496 0.061188589540412064 0.1258458244111349
1 0.9479397781299524 0.4404710920770878 0.10412044374009516 0.20685224839400426
16 0.5199128367670365 0.767382226980728 0.018565768621236184 0.21776231263383297
16 0.2695919175911252 0.44473768736616703 0.0017115689381933636 0.04735546038543899
