8 0.16570919175911253 0.42404175588865095 0.008914421553090333 0.025813704496788024
0 0.2009310618066561 0.5146680942184154 0.039580031695721093 0.08479657387580293
10 0.4823890649762282 0.31183083511777304 0.03918383518225043 0.10674518201284798
0 0.20772385103011096 0.45997858672376873 0.020320919175911282 0.04323340471092076
11 0.29183637083993663 0.40068522483940044 0.008007131537242487 0.023683083511777305
18 0.47557448494453247 0.4211777301927195 0.016679873217115743 0.10496788008565307
0 0.19247226624405706 0.618629550321199 0.06996830427892235 0.1747323340471092
18 0.3520186212361331 0.015599571734475374 0.026002377179080823 0.03119914346895075
0 0.20402535657686213 0.44399892933618845 0.016465927099841522 0.03238758029978587
18 0.21055863708399367 0.011771948608137043 0.026006339144215525 0.023543897216274087
0 0.20229793977812996 0.47109207708779444 0.026862123613312208 0.05503211991434687
8 0.16571711568938194 0.4535492505353319 0.007765451664025343 0.03243040685224836
8 0.16570919175911253 0.42404175588865095 0.008914421553090333 0.025813704496788024
0 0.2009310618066561 0.5146680942184154 0.039580031695721093 0.08479657387580293
10 0.4823890649762282 0.31183083511777304 0.03918383518225043 0.10674518201284798
0 0.20772385103011096 0.45997858672376873 0.020320919175911282 0.04323340471092076
11 0.29183637083993663 0.40068522483940044 0.008007131537242487 0.023683083511777305
18 0.47557448494453247 0.4211777301927195 0.016679873217115743 0.10496788008565307
0 0.19247226624405706 0.618629550321199 0.06996830427892235 0.1747323340471092
18 0.3520186212361331 0.015599571734475374 0.026002377179080823 0.03119914346895075
0 0.20402535657686213 0.44399892933618845 0.016465927099841522 0.03238758029978587
18 0.21055863708399367 0.011771948608137043 0.026006339144215525 0.023543897216274087
0 0.20229793977812996 0.47109207708779444 0.026862123613312208 0.05503211991434687
8 0.16571711568938194 0.4535492505353319 0.007765451664025343 0.03243040685224836
