0 0.7771516587677725 0.5640384615384615 0.1289289099526066 0.08847692307692306
0 0.25297156398104265 0.49546153846153845 0.016824644549763033 0.03984615384615381
0 0.14687203791469194 0.5314153846153845 0.05488151658767773 0.08898461538461534
0 0.680632701421801 0.5643769230769231 0.10255450236966819 0.09616923076923084
0 0.9072535545023696 0.6255692307692308 0.14776777251184822 0.12836923076923076
0 0.93760663507109 0.5577769230769231 0.10639810426540285 0.08847692307692306
10 0.3474620853080569 0.44107692307692303 0.011710900473933666 0.037846153846153884
7 0.18673933649289098 0.49073846153846157 0.021374407582938373 0.038830769230769245
6 0.34672511848341236 0.48735384615384614 0.010521327014218032 0.03307692307692308
0 0.8746872037914692 0.5582384615384616 0.11688151658767779 0.08847692307692306
0 0.6332843601895735 0.5650538461538462 0.10062559241706169 0.1025076923076923
0 0.7771516587677725 0.5640384615384615 0.1289289099526066 0.08847692307692306
0 0.25297156398104265 0.49546153846153845 0.016824644549763033 0.03984615384615381
0 0.14687203791469194 0.5314153846153845 0.05488151658767773 0.08898461538461534
0 0.680632701421801 0.5643769230769231 0.10255450236966819 0.09616923076923084
0 0.9072535545023696 0.6255692307692308 0.14776777251184822 0.12836923076923076
0 0.93760663507109 0.5577769230769231 0.10639810426540285 0.08847692307692306
10 0.3474620853080569 0.44107692307692303 0.011710900473933666 0.037846153846153884
7 0.18673933649289098 0.49073846153846157 0.021374407582938373 0.038830769230769245
6 0.34672511848341236 0.48735384615384614 0.010521327014218032 0.03307692307692308
0 0.8746872037914692 0.5582384615384616 0.11688151658767779 0.08847692307692306
0 0.6332843601895735 0.5650538461538462 0.10062559241706169 0.1025076923076923
