2 0.16384123222748817 0.5161923076923076 0.02911374407582939 0.08647692307692305
2 0.08706398104265402 0.5041692307692308 0.04050710900473933 0.05664615384615383
0 0.05884597156398104 0.7160615384615384 0.09603317535545024 0.24326153846153847
0 0.5179478672985781 0.5785615384615385 0.07936492890995257 0.09915384615384622
0 0.25135071090047395 0.5058692307692307 0.02454028436018959 0.026261538461538537
11 0.3626990521327015 0.4648307692307692 0.006971563981042617 0.054615384615384614
2 0.16384123222748817 0.5161923076923076 0.02911374407582939 0.08647692307692305
2 0.08706398104265402 0.5041692307692308 0.04050710900473933 0.05664615384615383
0 0.05884597156398104 0.7160615384615384 0.09603317535545024 0.24326153846153847
0 0.5179478672985781 0.5785615384615385 0.07936492890995257 0.09915384615384622
0 0.25135071090047395 0.5058692307692307 0.02454028436018959 0.026261538461538537
11 0.3626990521327015 0.4648307692307692 0.006971563981042617 0.054615384615384614
