11 0.6983738738738738 0.622907949790795 0.02849549549549549 0.08121338912133902
2 0.1134009009009009 0.5932322175732218 0.0640990990990991 0.07508368200836817
1 0.07283783783783783 0.6035564853556485 0.058468468468468475 0.13974895397489537
11 0.8039369369369369 0.5461924686192469 0.05518918918918918 0.12987447698744772
0 0.936045045045045 0.7161087866108787 0.1279099099099099 0.1903765690376569
0 0.5178918918918919 0.6269874476987447 0.05232432432432426 0.060669456066945605
6 0.5219954954954955 0.5499267782426779 0.020063063063063047 0.055920502092050246
0 0.6117207207207207 0.619142259414226 0.0650990990990991 0.06673640167364012
0 0.7435225225225225 0.6187238493723849 0.07484684684684688 0.06924686192468624
0 0.6845360360360361 0.7208158995815899 0.18510810810810813 0.13117154811715478
11 0.6983738738738738 0.622907949790795 0.02849549549549549 0.08121338912133902
2 0.1134009009009009 0.5932322175732218 0.0640990990990991 0.07508368200836817
1 0.07283783783783783 0.6035564853556485 0.058468468468468475 0.13974895397489537
11 0.8039369369369369 0.5461924686192469 0.05518918918918918 0.12987447698744772
0 0.936045045045045 0.7161087866108787 0.1279099099099099 0.1903765690376569
0 0.5178918918918919 0.6269874476987447 0.05232432432432426 0.060669456066945605
6 0.5219954954954955 0.5499267782426779 0.020063063063063047 0.055920502092050246
0 0.6117207207207207 0.619142259414226 0.0650990990990991 0.06673640167364012
0 0.7435225225225225 0.6187238493723849 0.07484684684684688 0.06924686192468624
0 0.6845360360360361 0.7208158995815899 0.18510810810810813 0.13117154811715478
