5 0.38090522478736333 0.5163009404388714 0.02820170109356012 0.07141065830721004
0 0.5809993924665857 0.6571943573667711 0.06467193195625755 0.04931034482758617
20 0.2409386391251519 0.2495219435736677 0.02037059538274607 0.11722570532915362
11 0.9421628189550426 0.2962931034482759 0.033511543134872465 0.10026645768025078
8 0.10926488456865129 0.6159404388714734 0.0035844471445929563 0.02304075235109716
2 0.29957472660996354 0.7900470219435737 0.19113001215066827 0.41990595611285264
20 0.3720959902794654 0.6090282131661442 0.014131227217496958 0.09573667711598753
0 0.6927156743620899 0.6603526645768024 0.06297691373025507 0.04575235109717868
0 0.9323936816524909 0.36987460815047024 0.02894289185905217 0.024733542319749217
0 0.013775820170109357 0.6715673981191224 0.027551640340218713 0.06175548589341698
1 0.7206652490887 0.6142633228840125 0.13518226002430134 0.12821316614420064
0 0.4665856622114216 0.6589341692789968 0.05528554070473876 0.046394984326018754
1 0.5488213851761847 0.6185423197492163 0.17443499392466594 0.1190282131661442
5 0.38090522478736333 0.5163009404388714 0.02820170109356012 0.07141065830721004
0 0.5809993924665857 0.6571943573667711 0.06467193195625755 0.04931034482758617
20 0.2409386391251519 0.2495219435736677 0.02037059538274607 0.11722570532915362
11 0.9421628189550426 0.2962931034482759 0.033511543134872465 0.10026645768025078
8 0.10926488456865129 0.6159404388714734 0.0035844471445929563 0.02304075235109716
2 0.29957472660996354 0.7900470219435737 0.19113001215066827 0.41990595611285264
20 0.3720959902794654 0.6090282131661442 0.014131227217496958 0.09573667711598753
0 0.6927156743620899 0.6603526645768024 0.06297691373025507 0.04575235109717868
0 0.9323936816524909 0.36987460815047024 0.02894289185905217 0.024733542319749217
0 0.013775820170109357 0.6715673981191224 0.027551640340218713 0.06175548589341698
1 0.7206652490887 0.6142633228840125 0.13518226002430134 0.12821316614420064
0 0.4665856622114216 0.6589341692789968 0.05528554070473876 0.046394984326018754
1 0.5488213851761847 0.6185423197492163 0.17443499392466594 0.1190282131661442
