0 0.166093560145808 0.6711755485893417 0.06611178614823816 0.06172413793103448
0 0.47313791008505474 0.6500470219435737 0.04276427703523693 0.044827586206896496
2 0.3004556500607533 0.7997335423197492 0.18863912515188333 0.4005329153605016
1 0.694872417982989 0.6628448275862069 0.1104860267314703 0.09913793103448276
0 0.5854708383961118 0.6581504702194357 0.06490279465370598 0.05203761755485892
0 0.006500607533414337 0.675666144200627 0.013001215066828675 0.0472257053291536
0 0.05603584447144593 0.6423981191222571 0.06551032806804374 0.05946708463949843
0 0.5097205346294046 0.661230407523511 0.06089914945321993 0.04951410658307215
0 0.7504921020656136 0.6896551724137931 0.06852976913730252 0.0779937304075235
0 0.665458687727825 0.6464341692789969 0.056944106925880936 0.05785266457680246
1 0.39760631834750915 0.6659326018808778 0.1145321992709599 0.10302507836990599
1 0.07869076549210206 0.6624137931034483 0.13526731470230863 0.1035109717868338
20 0.24040400972053466 0.24991379310344827 0.021014580801944092 0.11929467084639499
5 0.3812515188335358 0.5189576802507837 0.029842041312272177 0.06647335423197497
20 0.3722144592952612 0.5960815047021942 0.012533414337788576 0.06865203761755488
11 0.48719623329283107 0.5982445141065831 0.003979343863912557 0.02210031347962386
1 0.1561846901579587 0.6140203761755486 0.14534629404617253 0.11898119122257049
