1 0.014119076549210206 0.625 0.028238153098420413 0.04028213166144208
0 0.22256379100850548 0.6433385579937305 0.010012150668286732 0.018338557993730388
7 0.18291008505467804 0.541896551724138 0.009987849331713244 0.019937304075235064
0 0.37712636695018226 0.7229623824451411 0.056196840826245445 0.08510971786833849
7 0.16968104495747263 0.5419905956112853 0.010346294046172558 0.016739811912225715
3 0.1336573511543135 0.5850078369905957 0.007290400972053463 0.026755485893416916
1 0.1149453219927096 0.5909874608150469 0.013122721749696229 0.033385579937304094
0 0.31388517618469014 0.6808777429467084 0.03445321992709598 0.06081504702194359
1 0.06056196840826245 0.6172413793103448 0.023432563791008502 0.0438871473354232
0 0.2390856622114216 0.6616771159874608 0.015352369380315941 0.028056426332288456
1 0.014119076549210206 0.625 0.028238153098420413 0.04028213166144208
0 0.22256379100850548 0.6433385579937305 0.010012150668286732 0.018338557993730388
7 0.18291008505467804 0.541896551724138 0.009987849331713244 0.019937304075235064
0 0.37712636695018226 0.7229623824451411 0.056196840826245445 0.08510971786833849
7 0.16968104495747263 0.5419905956112853 0.010346294046172558 0.016739811912225715
3 0.1336573511543135 0.5850078369905957 0.007290400972053463 0.026755485893416916
1 0.1149453219927096 0.5909874608150469 0.013122721749696229 0.033385579937304094
0 0.31388517618469014 0.6808777429467084 0.03445321992709598 0.06081504702194359
1 0.06056196840826245 0.6172413793103448 0.023432563791008502 0.0438871473354232
0 0.2390856622114216 0.6616771159874608 0.015352369380315941 0.028056426332288456
