7 0.20432867557715678 0.3557131661442006 0.08599635479951398 0.12358934169278996
7 0.2937181044957473 0.3570924764890282 0.05153098420413122 0.12358934169278996
1 0.5473815309842042 0.6849999999999999 0.05748481166464156 0.04097178683385587
6 0.3454222357229648 0.5987931034482759 0.01028554070473873 0.025987460815046996
1 0.18980558930741193 0.6058855799373041 0.024763061968408256 0.05468652037617553
7 0.20432867557715678 0.3557131661442006 0.08599635479951398 0.12358934169278996
7 0.2937181044957473 0.3570924764890282 0.05153098420413122 0.12358934169278996
1 0.5473815309842042 0.6849999999999999 0.05748481166464156 0.04097178683385587
6 0.3454222357229648 0.5987931034482759 0.01028554070473873 0.025987460815046996
1 0.18980558930741193 0.6058855799373041 0.024763061968408256 0.05468652037617553
