0 0.8883049817739976 0.6581269592476489 0.06701093560145806 0.04634796238244513
0 0.8454526123936816 0.6499059561128526 0.05636087484811664 0.03899686520376175
8 0.5690097205346294 0.6889420062695925 0.015078979343863944 0.0393573667711599
0 0.12196233292831106 0.6518181818181819 0.04927095990279467 0.050313479623824486
0 0.9356682867557716 0.6657680250783699 0.08541919805589315 0.05062695924764892
0 0.13924362089914946 0.6493025078369906 0.04265492102065614 0.041238244514106584
0 0.8883049817739976 0.6581269592476489 0.06701093560145806 0.04634796238244513
0 0.8454526123936816 0.6499059561128526 0.05636087484811664 0.03899686520376175
8 0.5690097205346294 0.6889420062695925 0.015078979343863944 0.0393573667711599
0 0.12196233292831106 0.6518181818181819 0.04927095990279467 0.050313479623824486
0 0.9356682867557716 0.6657680250783699 0.08541919805589315 0.05062695924764892
0 0.13924362089914946 0.6493025078369906 0.04265492102065614 0.041238244514106584
