0 0.2959538274605103 0.6987931034482758 0.10432563791008508 0.0842319749216301
0 0.07293742405832321 0.6957915360501566 0.10175577156743622 0.10340125391849525
1 0.6893226002430134 0.6636990595611285 0.6213547995139733 0.672601880877743
0 0.2922843256379101 0.6518260188087774 0.022721749696233313 0.03929467084639497
1 0.8904009720534629 0.3583855799373041 0.05613608748481158 0.10799373040752357
1 0.9622174969623329 0.3569278996865204 0.07556500607533422 0.3026332288401254
0 0.22102673147023086 0.6424764890282131 0.020886998784933167 0.04608150470219441
0 0.2959538274605103 0.6987931034482758 0.10432563791008508 0.0842319749216301
0 0.07293742405832321 0.6957915360501566 0.10175577156743622 0.10340125391849525
1 0.6893226002430134 0.6636990595611285 0.6213547995139733 0.672601880877743
0 0.2922843256379101 0.6518260188087774 0.022721749696233313 0.03929467084639497
1 0.8904009720534629 0.3583855799373041 0.05613608748481158 0.10799373040752357
1 0.9622174969623329 0.3569278996865204 0.07556500607533422 0.3026332288401254
0 0.22102673147023086 0.6424764890282131 0.020886998784933167 0.04608150470219441
