0 0.22366341991341993 0.7759567901234569 0.03345238095238095 0.04779835390946506
20 0.23484848484848486 0.3848765432098766 0.02835497835497834 0.11008230452674897
11 0.33325216450216444 0.7321810699588478 0.0116774891774892 0.01835390946502061
20 0.41179653679653677 0.7228395061728395 0.018614718614718664 0.07942386831275725
0 0.6023268398268398 0.7900205761316872 0.08430735930735929 0.05534979423868308
5 0.42104978354978356 0.6403395061728396 0.040151515151515174 0.06281893004115233
0 0.22366341991341993 0.7759567901234569 0.03345238095238095 0.04779835390946506
20 0.23484848484848486 0.3848765432098766 0.02835497835497834 0.11008230452674897
11 0.33325216450216444 0.7321810699588478 0.0116774891774892 0.01835390946502061
20 0.41179653679653677 0.7228395061728395 0.018614718614718664 0.07942386831275725
0 0.6023268398268398 0.7900205761316872 0.08430735930735929 0.05534979423868308
5 0.42104978354978356 0.6403395061728396 0.040151515151515174 0.06281893004115233
