1 0.0166017316017316 0.6952983539094649 0.0332034632034632 0.13718106995884777
1 0.2962229437229438 0.6829012345679012 0.02400432900432901 0.0383127572016461
1 0.06958874458874459 0.7013683127572017 0.0948051948051948 0.13718106995884777
1 0.13577922077922078 0.6955452674897119 0.06047619047619049 0.10232510288065835
0 0.035606060606060606 0.7668312757201646 0.07121212121212121 0.09843621399176962
1 0.19601731601731603 0.6900720164609053 0.047142857142857146 0.07376543209876547
0 0.20387445887445887 0.7686625514403294 0.052922077922077926 0.07242798353909463
1 0.2714393939393939 0.6871604938271605 0.02681818181818182 0.040905349794238675
7 0.41947510822510825 0.6389814814814814 0.07546536796536793 0.17224279835390943
1 0.23528138528138529 0.6907201646090535 0.03441558441558443 0.053950617283950675
1 0.0166017316017316 0.6952983539094649 0.0332034632034632 0.13718106995884777
1 0.2962229437229438 0.6829012345679012 0.02400432900432901 0.0383127572016461
1 0.06958874458874459 0.7013683127572017 0.0948051948051948 0.13718106995884777
1 0.13577922077922078 0.6955452674897119 0.06047619047619049 0.10232510288065835
0 0.035606060606060606 0.7668312757201646 0.07121212121212121 0.09843621399176962
1 0.19601731601731603 0.6900720164609053 0.047142857142857146 0.07376543209876547
0 0.20387445887445887 0.7686625514403294 0.052922077922077926 0.07242798353909463
1 0.2714393939393939 0.6871604938271605 0.02681818181818182 0.040905349794238675
7 0.41947510822510825 0.6389814814814814 0.07546536796536793 0.17224279835390943
1 0.23528138528138529 0.6907201646090535 0.03441558441558443 0.053950617283950675
