1 0.36278846153846156 0.541235294117647 0.11384615384615382 0.2681176470588235
0 0.19615384615384615 0.6196078431372549 0.08019230769230767 0.12352941176470589
10 0.5905288461538463 0.48873529411764705 0.052980769230769255 0.10531372549019609
0 0.36038942307692307 0.673950980392157 0.10145192307692306 0.16515686274509797
0 0.3526971153846154 0.7819901960784313 0.15120192307692307 0.28378431372549023
7 0.44779807692307694 0.47531372549019607 0.05098076923076927 0.09721568627450977
0 0.07230769230769231 0.7303921568627451 0.14461538461538462 0.267843137254902
1 0.36278846153846156 0.541235294117647 0.11384615384615382 0.2681176470588235
0 0.19615384615384615 0.6196078431372549 0.08019230769230767 0.12352941176470589
10 0.5905288461538463 0.48873529411764705 0.052980769230769255 0.10531372549019609
0 0.36038942307692307 0.673950980392157 0.10145192307692306 0.16515686274509797
0 0.3526971153846154 0.7819901960784313 0.15120192307692307 0.28378431372549023
7 0.44779807692307694 0.47531372549019607 0.05098076923076927 0.09721568627450977
0 0.07230769230769231 0.7303921568627451 0.14461538461538462 0.267843137254902
