0 0.36403846153846153 0.5519999999999999 0.03461538461538462 0.04149019607843142
0 0.8095913461538462 0.7554901960784314 0.29499038461538457 0.2266666666666667
0 0.364625 0.5180294117647058 0.01934615384615385 0.02943137254901959
2 0.3318028846153846 0.5082549019607844 0.016336538461538472 0.03219607843137258
0 0.36158653846153843 0.5860980392156863 0.052211538461538476 0.08035294117647052
0 0.3648125 0.5338137254901961 0.02499038461538457 0.034725490196078505
0 0.2960096153846154 0.5406862745098039 0.03144230769230768 0.04568627450980383
10 0.4254807692307692 0.48666666666666664 0.01557692307692312 0.029803921568627486
7 0.4336634615384615 0.47547058823529414 0.031923076923076915 0.023529411764705882
1 0.3647115384615385 0.49943137254901965 0.021153846153846155 0.04662745098039221
0 0.36403846153846153 0.5519999999999999 0.03461538461538462 0.04149019607843142
0 0.8095913461538462 0.7554901960784314 0.29499038461538457 0.2266666666666667
0 0.364625 0.5180294117647058 0.01934615384615385 0.02943137254901959
2 0.3318028846153846 0.5082549019607844 0.016336538461538472 0.03219607843137258
0 0.36158653846153843 0.5860980392156863 0.052211538461538476 0.08035294117647052
0 0.3648125 0.5338137254901961 0.02499038461538457 0.034725490196078505
0 0.2960096153846154 0.5406862745098039 0.03144230769230768 0.04568627450980383
10 0.4254807692307692 0.48666666666666664 0.01557692307692312 0.029803921568627486
7 0.4336634615384615 0.47547058823529414 0.031923076923076915 0.023529411764705882
1 0.3647115384615385 0.49943137254901965 0.021153846153846155 0.04662745098039221
