1 0.16935064935064936 0.7358024691358025 0.03116883116883115 0.04962962962962964
0 0.041174242424242426 0.7867901234567901 0.03215367965367965 0.043950617283950645
1 0.03666666666666667 0.7367181069958847 0.018398268398268403 0.054958847736625474
0 0.2097835497835498 0.7677469135802469 0.025216450216450227 0.0338477366255145
0 0.1462012987012987 0.7621399176954732 0.017965367965367945 0.02304526748971191
0 0.16567640692640692 0.7876851851851852 0.039426406926406934 0.06454732510288066
6 0.332521645021645 0.7281893004115226 0.010064935064935016 0.02098765432098763
0 0.07333874458874459 0.8976440329218107 0.10895021645021644 0.1458230452674897
1 0.01887987012987013 0.7461522633744856 0.03775974025974026 0.08366255144032915
7 0.19106060606060607 0.7217078189300411 0.02283549783549783 0.053909465020576225
