0 0.2661634199134199 0.7536008230452675 0.03161255411255412 0.046707818930041244
0 0.04575757575757576 0.7896502057613168 0.05567099567099567 0.06456790123456789
0 0.3042261904761905 0.7331790123456791 0.01983766233766232 0.026851851851851877
7 0.45921536796536794 0.7415843621399176 0.019512987012986982 0.08226337448559663
1 0.11553030303030302 0.742798353909465 0.046645021645021656 0.059670781893004114
16 0.6493506493506493 0.9194444444444445 0.0092207792207792 0.12983539094650198
7 0.3293831168831169 0.620761316872428 0.04231601731601728 0.04489711934156389
1 0.21635281385281388 0.7142695473251028 0.040346320346320345 0.058827160493827226
1 0.3565422077922078 0.7021090534979424 0.017824675324675354 0.044753086419753084
7 0.3781385281385281 0.619619341563786 0.03727272727272727 0.044753086419753084
0 0.17157467532467532 0.8295473251028805 0.06994588744588744 0.0936625514403293
16 0.4287337662337662 0.7739711934156378 0.004653679653679666 0.04588477366255146
0 0.2661634199134199 0.7536008230452675 0.03161255411255412 0.046707818930041244
0 0.04575757575757576 0.7896502057613168 0.05567099567099567 0.06456790123456789
0 0.3042261904761905 0.7331790123456791 0.01983766233766232 0.026851851851851877
7 0.45921536796536794 0.7415843621399176 0.019512987012986982 0.08226337448559663
1 0.11553030303030302 0.742798353909465 0.046645021645021656 0.059670781893004114
16 0.6493506493506493 0.9194444444444445 0.0092207792207792 0.12983539094650198
7 0.3293831168831169 0.620761316872428 0.04231601731601728 0.04489711934156389
1 0.21635281385281388 0.7142695473251028 0.040346320346320345 0.058827160493827226
1 0.3565422077922078 0.7021090534979424 0.017824675324675354 0.044753086419753084
7 0.3781385281385281 0.619619341563786 0.03727272727272727 0.044753086419753084
0 0.17157467532467532 0.8295473251028805 0.06994588744588744 0.0936625514403293
16 0.4287337662337662 0.7739711934156378 0.004653679653679666 0.04588477366255146
