1 0.2616179653679654 0.7167489711934156 0.033690476190476215 0.053744855967078196
1 0.2139772727272727 0.7161625514403293 0.045487012987012986 0.0689506172839506
1 0.30120670995670995 0.7153395061728395 0.02637445887445888 0.04504115226337457
0 0.018127705627705628 0.7973148148148148 0.036255411255411256 0.0786213991769548
16 0.4398268398268398 0.7677777777777778 0.004761904761904799 0.03934156378600824
16 0.5709469696969698 0.8511831275720165 0.00797619047619048 0.08977366255144031
1 0.2616179653679654 0.7167489711934156 0.033690476190476215 0.053744855967078196
1 0.2139772727272727 0.7161625514403293 0.045487012987012986 0.0689506172839506
1 0.30120670995670995 0.7153395061728395 0.02637445887445888 0.04504115226337457
0 0.018127705627705628 0.7973148148148148 0.036255411255411256 0.0786213991769548
16 0.4398268398268398 0.7677777777777778 0.004761904761904799 0.03934156378600824
16 0.5709469696969698 0.8511831275720165 0.00797619047619048 0.08977366255144031
