16 0.36033549783549784 0.7625720164609053 0.003138528138528114 0.040987654320987686
0 0.20529220779220778 0.7446090534979424 0.02142857142857144 0.03629629629629627
0 0.25586038961038965 0.7616152263374485 0.028928571428571418 0.0443827160493827
0 0.12163419913419914 0.8192283950617284 0.067012987012987 0.08796296296296297
0 0.0979599567099567 0.7535699588477367 0.02674242424242425 0.03709876543209871
16 0.5423809523809523 0.8806275720164609 0.009675324675324674 0.1165637860082304
0 0.01314935064935065 0.7827674897119342 0.0262987012987013 0.06018518518518518
3 0.21607142857142858 0.7164711934156378 0.023051948051948063 0.05631687242798355
1 0.09582792207792208 0.7208744855967079 0.04490259740259741 0.06927983539094654
0 0.1557251082251082 0.7331481481481481 0.01688311688311688 0.01995884773662561
16 0.36033549783549784 0.7625720164609053 0.003138528138528114 0.040987654320987686
0 0.20529220779220778 0.7446090534979424 0.02142857142857144 0.03629629629629627
0 0.25586038961038965 0.7616152263374485 0.028928571428571418 0.0443827160493827
0 0.12163419913419914 0.8192283950617284 0.067012987012987 0.08796296296296297
0 0.0979599567099567 0.7535699588477367 0.02674242424242425 0.03709876543209871
16 0.5423809523809523 0.8806275720164609 0.009675324675324674 0.1165637860082304
0 0.01314935064935065 0.7827674897119342 0.0262987012987013 0.06018518518518518
3 0.21607142857142858 0.7164711934156378 0.023051948051948063 0.05631687242798355
1 0.09582792207792208 0.7208744855967079 0.04490259740259741 0.06927983539094654
0 0.1557251082251082 0.7331481481481481 0.01688311688311688 0.01995884773662561
