0 0.4351406926406926 0.768641975308642 0.04004329004329004 0.05452674897119342
0 0.3636580086580086 0.7713168724279835 0.04512987012987012 0.05246913580246913
11 0.4698593073593073 0.7191358024691358 0.017424242424242387 0.03209876543209881
16 0.7617748917748918 0.7603292181069958 0.004329004329004329 0.03868312757201649
11 0.834469696969697 0.7075308641975309 0.021320346320346246 0.03744855967078187
0 0.27008116883116884 0.7957510288065844 0.059383116883116885 0.06409465020576127
16 0.9248322510822512 0.8453395061728395 0.00834415584415576 0.09442386831275718
3 0.5433874458874459 0.7218724279835392 0.016883116883116847 0.04465020576131685
0 0.4351406926406926 0.768641975308642 0.04004329004329004 0.05452674897119342
0 0.3636580086580086 0.7713168724279835 0.04512987012987012 0.05246913580246913
11 0.4698593073593073 0.7191358024691358 0.017424242424242387 0.03209876543209881
16 0.7617748917748918 0.7603292181069958 0.004329004329004329 0.03868312757201649
11 0.834469696969697 0.7075308641975309 0.021320346320346246 0.03744855967078187
0 0.27008116883116884 0.7957510288065844 0.059383116883116885 0.06409465020576127
16 0.9248322510822512 0.8453395061728395 0.00834415584415576 0.09442386831275718
3 0.5433874458874459 0.7218724279835392 0.016883116883116847 0.04465020576131685
