0 0.2209199134199134 0.42253086419753083 0.08121212121212121 0.04176954732510291
16 0.5156168831168831 0.8463168724279836 0.008376623376623387 0.09131687242798353
1 0.1906439393939394 0.7051131687242799 0.018495670995670968 0.042448559670781885
1 0.2796158008658009 0.7167901234567902 0.02806277056277054 0.08069958847736632
7 0.37656385281385285 0.7252880658436214 0.015075757575757583 0.06156378600823049
0 0.2209199134199134 0.42253086419753083 0.08121212121212121 0.04176954732510291
16 0.5156168831168831 0.8463168724279836 0.008376623376623387 0.09131687242798353
1 0.1906439393939394 0.7051131687242799 0.018495670995670968 0.042448559670781885
1 0.2796158008658009 0.7167901234567902 0.02806277056277054 0.08069958847736632
7 0.37656385281385285 0.7252880658436214 0.015075757575757583 0.06156378600823049
