16 0.5721807359307358 0.8568518518518519 0.008971861471861556 0.10625514403292179
1 0.353008658008658 0.7154732510288067 0.017402597402597447 0.043209876543209874
1 0.32887987012987013 0.7176337448559671 0.025248917748917733 0.0634156378600823
3 0.2156655844155844 0.7158333333333333 0.03832251082251082 0.06047325102880655
1 0.14482142857142857 0.7144650205761317 0.06066017316017316 0.08547325102880662
0 0.1847835497835498 0.731059670781893 0.01885281385281384 0.026522633744855938
16 0.5721807359307358 0.8568518518518519 0.008971861471861556 0.10625514403292179
1 0.353008658008658 0.7154732510288067 0.017402597402597447 0.043209876543209874
1 0.32887987012987013 0.7176337448559671 0.025248917748917733 0.0634156378600823
3 0.2156655844155844 0.7158333333333333 0.03832251082251082 0.06047325102880655
1 0.14482142857142857 0.7144650205761317 0.06066017316017316 0.08547325102880662
0 0.1847835497835498 0.731059670781893 0.01885281385281384 0.026522633744855938
