3 0.19409632034632035 0.6584362139917695 0.03018398268398267 0.02263374485596708
4 0.1767965367965368 0.7282716049382716 0.010389610389610383 0.017283950617283904
3 0.5037824675324676 0.6679012345679013 0.039621212121212133 0.02263374485596708
0 0.22305194805194806 0.7540432098765433 0.022510822510822523 0.03360082304526746
1 0.12370670995670996 0.721141975308642 0.037023809523809514 0.06532921810699588
0 0.13062770562770562 0.8650720164609054 0.08290043290043289 0.1128600823045268
1 0.15082251082251083 0.7148971193415637 0.020995670995671 0.04444444444444449
1 0.2788582251082251 0.7226131687242798 0.03968614718614717 0.1269135802469135
0 0.14377705627705628 0.7476234567901235 0.020000000000000004 0.025205761316872428
0 0.012321428571428572 0.796604938271605 0.024642857142857143 0.05288065843621397
3 0.19409632034632035 0.6584362139917695 0.03018398268398267 0.02263374485596708
4 0.1767965367965368 0.7282716049382716 0.010389610389610383 0.017283950617283904
3 0.5037824675324676 0.6679012345679013 0.039621212121212133 0.02263374485596708
0 0.22305194805194806 0.7540432098765433 0.022510822510822523 0.03360082304526746
1 0.12370670995670996 0.721141975308642 0.037023809523809514 0.06532921810699588
0 0.13062770562770562 0.8650720164609054 0.08290043290043289 0.1128600823045268
1 0.15082251082251083 0.7148971193415637 0.020995670995671 0.04444444444444449
1 0.2788582251082251 0.7226131687242798 0.03968614718614717 0.1269135802469135
0 0.14377705627705628 0.7476234567901235 0.020000000000000004 0.025205761316872428
0 0.012321428571428572 0.796604938271605 0.024642857142857143 0.05288065843621397
