1 0.25791826923076927 0.5028431372549019 0.07160576923076925 0.10215686274509803
7 0.38764423076923077 0.47039215686274505 0.04990384615384619 0.0776470588235294
2 0.2576346153846154 0.5597254901960785 0.05509615384615383 0.1143137254901961
18 0.15303846153846154 0.4095098039215686 0.0036538461538461646 0.01568627450980392
0 0.2912740384615385 0.5456764705882352 0.03427884615384613 0.04550980392156859
2 0.3963461538461539 0.731235294117647 0.18923076923076923 0.4547843137254902
18 0.1852596153846154 0.41049019607843135 0.0041346153846153685 0.01705882352941174
12 0.5670192307692308 0.49323529411764705 0.024807692307692374 0.05235294117647057
0 0.30546634615384616 0.5514019607843138 0.03175961538461536 0.04621568627450979
1 0.25791826923076927 0.5028431372549019 0.07160576923076925 0.10215686274509803
7 0.38764423076923077 0.47039215686274505 0.04990384615384619 0.0776470588235294
2 0.2576346153846154 0.5597254901960785 0.05509615384615383 0.1143137254901961
18 0.15303846153846154 0.4095098039215686 0.0036538461538461646 0.01568627450980392
0 0.2912740384615385 0.5456764705882352 0.03427884615384613 0.04550980392156859
2 0.3963461538461539 0.731235294117647 0.18923076923076923 0.4547843137254902
18 0.1852596153846154 0.41049019607843135 0.0041346153846153685 0.01705882352941174
12 0.5670192307692308 0.49323529411764705 0.024807692307692374 0.05235294117647057
0 0.30546634615384616 0.5514019607843138 0.03175961538461536 0.04621568627450979
