7 0.4810606060606061 0.6180041152263375 0.02965367965367963 0.05288065843621397
0 0.3201839826839827 0.738991769547325 0.01807359307359306 0.024897119341563717
0 0.38453463203463206 0.7430658436213992 0.02114718614718611 0.03304526748971194
16 0.7785497835497835 0.8528189300411523 0.010129870129870022 0.1113991769547326
0 0.3520021645021645 0.7579218106995885 0.0345238095238095 0.050000000000000024
0 0.2883658008658009 0.8477366255144033 0.09036796536796536 0.13127572016460895
7 0.4187770562770563 0.6190329218106997 0.029978354978354965 0.050000000000000024
7 0.4810606060606061 0.6180041152263375 0.02965367965367963 0.05288065843621397
0 0.3201839826839827 0.738991769547325 0.01807359307359306 0.024897119341563717
0 0.38453463203463206 0.7430658436213992 0.02114718614718611 0.03304526748971194
16 0.7785497835497835 0.8528189300411523 0.010129870129870022 0.1113991769547326
0 0.3520021645021645 0.7579218106995885 0.0345238095238095 0.050000000000000024
0 0.2883658008658009 0.8477366255144033 0.09036796536796536 0.13127572016460895
7 0.4187770562770563 0.6190329218106997 0.029978354978354965 0.050000000000000024
