1 0.17256493506493506 0.7300411522633745 0.022705627705627694 0.04197530864197526
16 0.4893181818181818 0.8484670781893004 0.0070129870129870325 0.08059670781893008
7 0.3144967532467533 0.7352880658436215 0.011699134199134202 0.04654320987654322
1 0.00854978354978355 0.7301440329218107 0.0170995670995671 0.0520576131687243
0 0.09381493506493507 0.7867283950617284 0.03574675324675325 0.05164609053497935
0 0.19237012987012986 0.7463991769547325 0.015909090909090897 0.022839506172839554
0 0.053787878787878794 0.925 0.10757575757575759 0.14999999999999997
0 0.14220779220779217 0.8280349794238684 0.05909090909090908 0.08158436213991765
1 0.020762987012987014 0.7222222222222222 0.016201298701298703 0.04485596707818921
1 0.2373917748917749 0.7439609053497942 0.049675324675324685 0.11290123456790124
1 0.17256493506493506 0.7300411522633745 0.022705627705627694 0.04197530864197526
16 0.4893181818181818 0.8484670781893004 0.0070129870129870325 0.08059670781893008
7 0.3144967532467533 0.7352880658436215 0.011699134199134202 0.04654320987654322
1 0.00854978354978355 0.7301440329218107 0.0170995670995671 0.0520576131687243
0 0.09381493506493507 0.7867283950617284 0.03574675324675325 0.05164609053497935
0 0.19237012987012986 0.7463991769547325 0.015909090909090897 0.022839506172839554
0 0.053787878787878794 0.925 0.10757575757575759 0.14999999999999997
0 0.14220779220779217 0.8280349794238684 0.05909090909090908 0.08158436213991765
1 0.020762987012987014 0.7222222222222222 0.016201298701298703 0.04485596707818921
1 0.2373917748917749 0.7439609053497942 0.049675324675324685 0.11290123456790124
