0 0.2259199134199134 0.757880658436214 0.02283549783549786 0.03345679012345677
1 0.20227272727272727 0.7358436213991769 0.02727272727272726 0.05415637860082303
16 0.47257575757575754 0.8315020576131688 0.004978354978354941 0.07407407407407407
7 0.21623376623376625 0.7163168724279835 0.019805194805194788 0.05123456790123452
1 0.07922077922077922 0.780761316872428 0.15844155844155844 0.43847736625514405
0 0.16765692640692642 0.7525 0.015270562770562754 0.02133744855967079
0 0.2259199134199134 0.757880658436214 0.02283549783549786 0.03345679012345677
1 0.20227272727272727 0.7358436213991769 0.02727272727272726 0.05415637860082303
16 0.47257575757575754 0.8315020576131688 0.004978354978354941 0.07407407407407407
7 0.21623376623376625 0.7163168724279835 0.019805194805194788 0.05123456790123452
1 0.07922077922077922 0.780761316872428 0.15844155844155844 0.43847736625514405
0 0.16765692640692642 0.7525 0.015270562770562754 0.02133744855967079
