18 0.3771158008658008 0.7238477366255144 0.01743506493506495 0.0674897119341564
18 0.22738636363636366 0.43530864197530866 0.024231601731601746 0.09481481481481478
1 0.641991341991342 0.7418724279835391 0.2294372294372295 0.12942386831275715
16 0.5580248917748918 0.9546296296296296 0.01284632034632029 0.09074074074074079
12 0.4650757575757576 0.7201028806584363 0.041493506493506464 0.07378600823045259
5 0.3857683982683983 0.6543106995884774 0.03430735930735929 0.05598765432098773
1 0.30120670995670995 0.7462139917695474 0.3073917748917749 0.14172839506172838
0 0.610297619047619 0.780977366255144 0.09217532467532463 0.05948559670781887
18 0.3771158008658008 0.7238477366255144 0.01743506493506495 0.0674897119341564
18 0.22738636363636366 0.43530864197530866 0.024231601731601746 0.09481481481481478
1 0.641991341991342 0.7418724279835391 0.2294372294372295 0.12942386831275715
16 0.5580248917748918 0.9546296296296296 0.01284632034632029 0.09074074074074079
12 0.4650757575757576 0.7201028806584363 0.041493506493506464 0.07378600823045259
5 0.3857683982683983 0.6543106995884774 0.03430735930735929 0.05598765432098773
1 0.30120670995670995 0.7462139917695474 0.3073917748917749 0.14172839506172838
0 0.610297619047619 0.780977366255144 0.09217532467532463 0.05948559670781887
