0 0.9112229437229438 0.8584259259259259 0.1613419913419914 0.11421810699588475
0 0.8084848484848485 0.8362139917695472 0.13982683982683974 0.09802469135802477
7 0.17427489177489178 0.7702263374485597 0.06984848484848487 0.039958847736625544
0 0.9657467532467533 0.817746913580247 0.06850649350649346 0.07150205761316872
8 0.9416829004329005 0.7868930041152263 0.02884199134199144 0.06218106995884779
0 0.9112229437229438 0.8584259259259259 0.1613419913419914 0.11421810699588475
0 0.8084848484848485 0.8362139917695472 0.13982683982683974 0.09802469135802477
7 0.17427489177489178 0.7702263374485597 0.06984848484848487 0.039958847736625544
0 0.9657467532467533 0.817746913580247 0.06850649350649346 0.07150205761316872
8 0.9416829004329005 0.7868930041152263 0.02884199134199144 0.06218106995884779
