1 0.07569805194805196 0.8046193415637859 0.13680735930735932 0.2991975308641976
18 0.2864177489177489 0.5354938271604939 0.01461038961038961 0.05617283950617281
1 0.33066017316017315 0.6836316872427983 0.4187662337662338 0.6327366255144032
6 0.16814935064935066 0.9645473251028807 0.02785714285714287 0.05390946502057611
3 0.05674242424242424 0.7829423868312757 0.11348484848484848 0.4341152263374486
1 0.07569805194805196 0.8046193415637859 0.13680735930735932 0.2991975308641976
18 0.2864177489177489 0.5354938271604939 0.01461038961038961 0.05617283950617281
1 0.33066017316017315 0.6836316872427983 0.4187662337662338 0.6327366255144032
6 0.16814935064935066 0.9645473251028807 0.02785714285714287 0.05390946502057611
3 0.05674242424242424 0.7829423868312757 0.11348484848484848 0.4341152263374486
