19 0.5224891774891774 0.7415637860082304 0.027467532467532522 0.12465020576131684
10 0.535676406926407 0.6055041152263374 0.06908008658008656 0.12895061728395066
19 0.04481601731601731 0.1882304526748971 0.04264069264069264 0.1817283950617284
8 0.6922348484848485 0.750545267489712 0.009491341991341972 0.031090534979423896
19 0.2872077922077922 0.1925 0.04264069264069262 0.18170781893004115
1 0.11831709956709957 0.8409567901234569 0.12172077922077922 0.17137860082304532
1 0.694301948051948 0.7677674897119341 0.1471969696969697 0.09211934156378597
0 0.06693722943722943 0.9202674897119342 0.13387445887445887 0.15946502057613168
0 0.711693722943723 0.829948559670782 0.14009740259740264 0.09936213991769552
0 0.08588203463203464 0.7822427983539094 0.03496753246753247 0.05855967078189296
1 0.32213203463203466 0.7198045267489712 0.37218614718614723 0.5603909465020577
