0 0.08499392466585663 0.6739811912225705 0.04264884568651276 0.05862068965517238
20 0.2757958687727825 0.22847178683385577 0.02449574726609963 0.13114420062695922
20 0.40187424058323207 0.22204545454545455 0.02450182260024297 0.13427899686520375
0 0.5435692588092346 0.6557131661442007 0.03874240583232077 0.03496865203761756
0 0.4936269744835966 0.6552586206896552 0.04433778857837182 0.03264890282131668
12 0.2319805589307412 0.6314106583072101 0.006877278250303763 0.01611285266457685
0 0.48010328068043745 0.6554153605015673 0.0382260024301337 0.0334012539184953
0 0.45051640340218707 0.830564263322884 0.12594167679222362 0.18181818181818182
20 0.5225243013365736 0.6193652037617554 0.015218712029161646 0.09575235109717864
10 0.5291767922235724 0.519615987460815 0.03897326852976912 0.09384012539184954
0 0.08499392466585663 0.6739811912225705 0.04264884568651276 0.05862068965517238
20 0.2757958687727825 0.22847178683385577 0.02449574726609963 0.13114420062695922
20 0.40187424058323207 0.22204545454545455 0.02450182260024297 0.13427899686520375
0 0.5435692588092346 0.6557131661442007 0.03874240583232077 0.03496865203761756
0 0.4936269744835966 0.6552586206896552 0.04433778857837182 0.03264890282131668
12 0.2319805589307412 0.6314106583072101 0.006877278250303763 0.01611285266457685
0 0.48010328068043745 0.6554153605015673 0.0382260024301337 0.0334012539184953
0 0.45051640340218707 0.830564263322884 0.12594167679222362 0.18181818181818182
20 0.5225243013365736 0.6193652037617554 0.015218712029161646 0.09575235109717864
10 0.5291767922235724 0.519615987460815 0.03897326852976912 0.09384012539184954
