0 0.1901670716889429 0.6264576802507836 0.0121445929526124 0.020877742946708452
0 0.0851093560145808 0.6296003134796239 0.017484811664641546 0.02543887147335426
18 0.2161300121506683 0.5245297805642632 0.0034629404617254225 0.023510971786833857
18 0.19201093560145804 0.524294670846395 0.003462940461725388 0.023510971786833857
18 0.32213547995139735 0.2852586206896552 0.01879100850546784 0.10910658307210033
0 0.35116646415552855 0.7498746081504701 0.08520048602673147 0.12576802507836984
18 0.2218712029161604 0.2811128526645768 0.019198055893074134 0.10736677115987461
0 0.10027339003645201 0.6252664576802508 0.013924665856622106 0.024514106583072078
0 0.6767557715674363 0.9268808777429467 0.34417982989064405 0.14623824451410652
0 0.1901670716889429 0.6264576802507836 0.0121445929526124 0.020877742946708452
0 0.0851093560145808 0.6296003134796239 0.017484811664641546 0.02543887147335426
18 0.2161300121506683 0.5245297805642632 0.0034629404617254225 0.023510971786833857
18 0.19201093560145804 0.524294670846395 0.003462940461725388 0.023510971786833857
18 0.32213547995139735 0.2852586206896552 0.01879100850546784 0.10910658307210033
0 0.35116646415552855 0.7498746081504701 0.08520048602673147 0.12576802507836984
18 0.2218712029161604 0.2811128526645768 0.019198055893074134 0.10736677115987461
0 0.10027339003645201 0.6252664576802508 0.013924665856622106 0.024514106583072078
0 0.6767557715674363 0.9268808777429467 0.34417982989064405 0.14623824451410652
