0 0.552187120291616 0.8933463949843261 0.22588092345078978 0.21330721003134792
20 0.275458687727825 0.21072100313479625 0.023201701093560144 0.1330721003134796
20 0.4018469015795869 0.20536050156739813 0.02413122721749691 0.13598746081504703
10 0.5293013365735115 0.5050156739811912 0.03811664641555286 0.09539184952978058
8 0.23226913730255164 0.6172335423197493 0.006421628189550456 0.017257053291536036
0 0.218730255164034 0.6254075235109717 0.009805589307411934 0.019090909090909103
0 0.9192223572296476 0.6262539184952979 0.026913730255164005 0.020532915360501603
0 0.8935844471445931 0.6270768025078369 0.026913730255164005 0.021394984326018773
20 0.5227095990279466 0.6026175548589342 0.01629404617253945 0.09943573667711599
0 0.9378432563791009 0.6219435736677116 0.026913730255164005 0.022257053291536034
0 0.24066828675577157 0.6535188087774294 0.05450789793438641 0.046253918495297794
0 0.19368469015795867 0.6252507836990595 0.010443499392466584 0.023166144200627004
0 0.08962940461725395 0.6569435736677116 0.0474726609963548 0.048181818181818194
0 0.2834659781287971 0.6444984326018809 0.018730255164034013 0.038244514106583034
0 0.48216889428918597 0.6425 0.04156743620899147 0.03421630094043885
0 0.44765188335358447 0.8111050156739812 0.12401579586877277 0.17684952978056423
0 0.4028371810449575 0.6335109717868338 0.011543134872417983 0.024608150470219418
0 0.9833383961117862 0.6309796238244514 0.033323207776427645 0.03083072100313473
0 0.4950151883353585 0.643550156739812 0.041561360874848095 0.03421630094043885
0 0.5418165249088699 0.6417163009404389 0.03794653705953823 0.03421630094043885
0 0.1866707168894289 0.6407601880877744 0.019732685297691385 0.03446708463949845
