0 0.7706561360874848 0.7383228840125392 0.1652490886998785 0.1283699059561128
0 0.423778857837181 0.7883542319749217 0.19834750911300122 0.2158934169278997
0 0.7009750911300122 0.6957680250783699 0.08153705953827463 0.08369905956112858
13 0.07834447144592951 0.6569905956112853 0.011767922235722959 0.08379310344827583
0 0.6413487241798299 0.6945454545454546 0.09506682867557724 0.11510971786833855
0 0.7676458080194412 0.7030329153605015 0.10964155528554072 0.09271159874608156
0 0.7706561360874848 0.7383228840125392 0.1652490886998785 0.1283699059561128
0 0.423778857837181 0.7883542319749217 0.19834750911300122 0.2158934169278997
0 0.7009750911300122 0.6957680250783699 0.08153705953827463 0.08369905956112858
13 0.07834447144592951 0.6569905956112853 0.011767922235722959 0.08379310344827583
0 0.6413487241798299 0.6945454545454546 0.09506682867557724 0.11510971786833855
0 0.7676458080194412 0.7030329153605015 0.10964155528554072 0.09271159874608156
