1 0.007951923076923077 0.5136764705882353 0.015903846153846154 0.17005882352941168
21 0.22827403846153846 0.6422549019607844 0.030240384615384603 0.0385098039215686
1 0.20527403846153847 0.5081666666666667 0.03387499999999999 0.0417058823529412
0 0.14466346153846152 0.5395098039215686 0.03990384615384615 0.06019607843137253
6 0.569375 0.4888235294117647 0.01971153846153846 0.041176470588235294
1 0.116375 0.5013725490196078 0.059076923076923075 0.1105882352941176
1 0.30764423076923075 0.49166666666666664 0.030865384615384638 0.04058823529411768
0 0.1832692307692308 0.5309607843137254 0.027307692307692314 0.04074509803921574
6 0.14355288461538462 0.4870392156862745 0.02077884615384614 0.04309803921568625
8 0.5390384615384616 0.48794117647058827 0.01615384615384611 0.03431372549019614
0 0.21497596153846152 0.5220098039215687 0.020625000000000015 0.033039215686274444
3 0.2709326923076923 0.49520588235294116 0.0321730769230769 0.05076470588235291
21 0.36242788461538455 0.6410980392156862 0.015182692307692328 0.0385098039215686
8 0.16747596153846156 0.4890588235294118 0.018509615384615385 0.03905882352941174
1 0.007951923076923077 0.5136764705882353 0.015903846153846154 0.17005882352941168
21 0.22827403846153846 0.6422549019607844 0.030240384615384603 0.0385098039215686
1 0.20527403846153847 0.5081666666666667 0.03387499999999999 0.0417058823529412
0 0.14466346153846152 0.5395098039215686 0.03990384615384615 0.06019607843137253
6 0.569375 0.4888235294117647 0.01971153846153846 0.041176470588235294
1 0.116375 0.5013725490196078 0.059076923076923075 0.1105882352941176
1 0.30764423076923075 0.49166666666666664 0.030865384615384638 0.04058823529411768
0 0.1832692307692308 0.5309607843137254 0.027307692307692314 0.04074509803921574
6 0.14355288461538462 0.4870392156862745 0.02077884615384614 0.04309803921568625
8 0.5390384615384616 0.48794117647058827 0.01615384615384611 0.03431372549019614
0 0.21497596153846152 0.5220098039215687 0.020625000000000015 0.033039215686274444
3 0.2709326923076923 0.49520588235294116 0.0321730769230769 0.05076470588235291
21 0.36242788461538455 0.6410980392156862 0.015182692307692328 0.0385098039215686
8 0.16747596153846156 0.4890588235294118 0.018509615384615385 0.03905882352941174
