1 0.19933163265306122 0.3316968911917098 0.05766326530612244 0.12261658031088078
0 0.19066326530612246 0.40336787564766835 0.04193877551020408 0.07564766839378242
16 0.9704795918367346 0.615 0.02010204081632646 0.18891191709844563
1 0.06916326530612245 0.3667098445595855 0.1383265306122449 0.23911917098445593
0 0.43112244897959184 0.4261658031088083 0.04265306122448975 0.0823834196891192
1 0.2506122448979592 0.323639896373057 0.0366326530612245 0.08147668393782384
6 0.5119489795918367 0.3226424870466321 0.013346938775510188 0.03357512953367878
1 0.19933163265306122 0.3316968911917098 0.05766326530612244 0.12261658031088078
0 0.19066326530612246 0.40336787564766835 0.04193877551020408 0.07564766839378242
16 0.9704795918367346 0.615 0.02010204081632646 0.18891191709844563
1 0.06916326530612245 0.3667098445595855 0.1383265306122449 0.23911917098445593
0 0.43112244897959184 0.4261658031088083 0.04265306122448975 0.0823834196891192
1 0.2506122448979592 0.323639896373057 0.0366326530612245 0.08147668393782384
6 0.5119489795918367 0.3226424870466321 0.013346938775510188 0.03357512953367878
