1 0.7411506276150627 0.5461460446247465 0.5176987447698745 0.907707910750507
0 0.17441945606694562 0.5325456389452333 0.07605648535564855 0.08541582150101423
0 0.8650313807531381 0.28996957403651114 0.2699372384937238 0.390446247464503
2 0.3717207112970711 0.6645436105476673 0.22890167364016734 0.42993914807302236
0 0.6024424686192468 0.3133874239350913 0.13298117154811714 0.16713995943204865
0 0.09580020920502093 0.6361257606490872 0.13057531380753137 0.20032454361054766
0 0.8581119246861925 0.6881338742393509 0.283776150627615 0.3730223123732251
0 0.6920763598326359 0.5989655172413794 0.21145397489539758 0.20977687626774846
0 0.6092468619246862 0.49365111561866126 0.16121338912133892 0.16036511156186609
0 0.7272698744769874 0.2978701825557809 0.234163179916318 0.24482758620689654
0 0.12919456066945606 0.4937525354969574 0.07947698744769875 0.0486004056795132
1 0.7411506276150627 0.5461460446247465 0.5176987447698745 0.907707910750507
0 0.17441945606694562 0.5325456389452333 0.07605648535564855 0.08541582150101423
0 0.8650313807531381 0.28996957403651114 0.2699372384937238 0.390446247464503
2 0.3717207112970711 0.6645436105476673 0.22890167364016734 0.42993914807302236
0 0.6024424686192468 0.3133874239350913 0.13298117154811714 0.16713995943204865
0 0.09580020920502093 0.6361257606490872 0.13057531380753137 0.20032454361054766
0 0.8581119246861925 0.6881338742393509 0.283776150627615 0.3730223123732251
0 0.6920763598326359 0.5989655172413794 0.21145397489539758 0.20977687626774846
0 0.6092468619246862 0.49365111561866126 0.16121338912133892 0.16036511156186609
0 0.7272698744769874 0.2978701825557809 0.234163179916318 0.24482758620689654
0 0.12919456066945606 0.4937525354969574 0.07947698744769875 0.0486004056795132
