1 0.4802876569037657 0.4396551724137931 0.025721757322175708 0.06815415821501018
3 0.49054393305439337 0.4374949290060852 0.016527196652719678 0.03997971602434073
1 0.33869246861924684 0.46026369168357 0.1286401673640167 0.21423935091277896
10 0.5457060669456066 0.4345233265720081 0.021077405857740563 0.04089249492900614
7 0.5258838912133891 0.4287423935091278 0.020679916317991612 0.03805273833671398
2 0.27828974895397485 0.471683569979716 0.06831589958158996 0.06669371196754563
1 0.4802876569037657 0.4396551724137931 0.025721757322175708 0.06815415821501018
3 0.49054393305439337 0.4374949290060852 0.016527196652719678 0.03997971602434073
1 0.33869246861924684 0.46026369168357 0.1286401673640167 0.21423935091277896
10 0.5457060669456066 0.4345233265720081 0.021077405857740563 0.04089249492900614
7 0.5258838912133891 0.4287423935091278 0.020679916317991612 0.03805273833671398
2 0.27828974895397485 0.471683569979716 0.06831589958158996 0.06669371196754563
