10 0.5200480769230769 0.3747058823529412 0.031634615384615365 0.06196078431372548
2 0.2223028846153846 0.5312745098039217 0.04004807692307693 0.07388235294117648
0 0.9766346153846154 0.6885294117647058 0.04673076923076925 0.17980392156862743
18 0.26677884615384617 0.07852941176470588 0.015096153846153836 0.08411764705882353
1 0.10961538461538461 0.6530392156862745 0.21923076923076923 0.6939215686274509
0 0.21879807692307693 0.6262254901960784 0.06528846153846155 0.110686274509804
12 0.517451923076923 0.49578431372549026 0.026634615384615427 0.05588235294117653
0 0.9794711538461538 0.5662745098039215 0.04105769230769235 0.06901960784313724
7 0.6151201923076922 0.514264705882353 0.08595192307692306 0.04880392156862748
0 0.3599519230769231 0.5556862745098039 0.030865384615384583 0.05176470588235301
0 0.21405288461538463 0.554921568627451 0.03577884615384616 0.05011764705882353
0 0.40572115384615387 0.538235294117647 0.025673076923076913 0.03803921568627446
0 0.9003846153846153 0.5593137254901961 0.06538461538461539 0.05274509803921564
2 0.5127451923076923 0.5618235294117646 0.11664423076923072 0.11556862745098039
7 0.6160384615384616 0.4743627450980392 0.08523076923076922 0.029588235294117655
0 0.6842788461538463 0.56 0.07509615384615387 0.05764705882352948
7 0.6162403846153847 0.4430294117647059 0.08617307692307692 0.03060784313725493
7 0.6153701923076922 0.565735294117647 0.08399038461538463 0.047039215686274526
0 0.7947596153846154 0.5545098039215686 0.09836538461538469 0.06823529411764707
18 0.4297115384615384 0.07813725490196077 0.013653846153846143 0.08411764705882353
10 0.5200480769230769 0.3747058823529412 0.031634615384615365 0.06196078431372548
2 0.2223028846153846 0.5312745098039217 0.04004807692307693 0.07388235294117648
0 0.9766346153846154 0.6885294117647058 0.04673076923076925 0.17980392156862743
18 0.26677884615384617 0.07852941176470588 0.015096153846153836 0.08411764705882353
1 0.10961538461538461 0.6530392156862745 0.21923076923076923 0.6939215686274509
0 0.21879807692307693 0.6262254901960784 0.06528846153846155 0.110686274509804
12 0.517451923076923 0.49578431372549026 0.026634615384615427 0.05588235294117653
0 0.9794711538461538 0.5662745098039215 0.04105769230769235 0.06901960784313724
7 0.6151201923076922 0.514264705882353 0.08595192307692306 0.04880392156862748
0 0.3599519230769231 0.5556862745098039 0.030865384615384583 0.05176470588235301
0 0.21405288461538463 0.554921568627451 0.03577884615384616 0.05011764705882353
0 0.40572115384615387 0.538235294117647 0.025673076923076913 0.03803921568627446
0 0.9003846153846153 0.5593137254901961 0.06538461538461539 0.05274509803921564
2 0.5127451923076923 0.5618235294117646 0.11664423076923072 0.11556862745098039
7 0.6160384615384616 0.4743627450980392 0.08523076923076922 0.029588235294117655
0 0.6842788461538463 0.56 0.07509615384615387 0.05764705882352948
7 0.6162403846153847 0.4430294117647059 0.08617307692307692 0.03060784313725493
7 0.6153701923076922 0.565735294117647 0.08399038461538463 0.047039215686274526
0 0.7947596153846154 0.5545098039215686 0.09836538461538469 0.06823529411764707
18 0.4297115384615384 0.07813725490196077 0.013653846153846143 0.08411764705882353
