0 0.6763964435146443 0.49162271805273833 0.09383891213389126 0.07139959432048686
0 0.34079497907949785 0.6884381338742394 0.12217573221757323 0.20892494929006086
0 0.9422698744769874 0.5643914807302232 0.1154602510460251 0.15450304259634887
0 0.06856694560669456 0.49969574036511155 0.05052301255230126 0.06551724137931036
0 0.33253138075313804 0.5513184584178499 0.0633891213389121 0.09452332657200815
2 0.19895397489539748 0.4598377281947261 0.027405857740585793 0.05476673427991886
0 0.26359832635983266 0.4787018255578093 0.02510460251046025 0.04137931034482754
0 0.6918828451882846 0.506866125760649 0.10240585774058575 0.055517241379310356
2 0.622918410041841 0.476815415821501 0.09564853556485362 0.07253549695740363
1 0.33002092050209203 0.45334685598377283 0.051255230125523014 0.1342799188640974
0 0.6763964435146443 0.49162271805273833 0.09383891213389126 0.07139959432048686
0 0.34079497907949785 0.6884381338742394 0.12217573221757323 0.20892494929006086
0 0.9422698744769874 0.5643914807302232 0.1154602510460251 0.15450304259634887
0 0.06856694560669456 0.49969574036511155 0.05052301255230126 0.06551724137931036
0 0.33253138075313804 0.5513184584178499 0.0633891213389121 0.09452332657200815
2 0.19895397489539748 0.4598377281947261 0.027405857740585793 0.05476673427991886
0 0.26359832635983266 0.4787018255578093 0.02510460251046025 0.04137931034482754
0 0.6918828451882846 0.506866125760649 0.10240585774058575 0.055517241379310356
2 0.622918410041841 0.476815415821501 0.09564853556485362 0.07253549695740363
1 0.33002092050209203 0.45334685598377283 0.051255230125523014 0.1342799188640974
