0 0.3468200836820084 0.45862068965517244 0.029999999999999947 0.053549695740365125
1 0.19944560669456068 0.4459229208924949 0.11847280334728036 0.20267748478701827
0 0.6883943514644352 0.5692799188640973 0.1909937238493724 0.2342596348884381
0 0.1912918410041841 0.5469066937119675 0.0766213389121339 0.10699797160243407
5 0.2664121338912134 0.41732251521298175 0.01765690376569037 0.030141987829614574
9 0.5184361924686193 0.4305679513184584 0.04754184100418415 0.08588235294117648
1 0.16311192468619248 0.4418965517241379 0.1006589958158996 0.11296146044624746
8 0.2667207112970711 0.45024340770791077 0.012374476987447681 0.02608519269776879
0 0.027986401673640166 0.633894523326572 0.05597280334728033 0.168762677484787
1 0.05842573221757322 0.47058823529411764 0.11685146443514643 0.20527383367139962
0 0.2865428870292887 0.724158215010142 0.16143305439330546 0.25959432048681547
0 0.032771966527196654 0.5776369168356997 0.06554393305439331 0.12687626774847874
0 0.3468200836820084 0.45862068965517244 0.029999999999999947 0.053549695740365125
1 0.19944560669456068 0.4459229208924949 0.11847280334728036 0.20267748478701827
0 0.6883943514644352 0.5692799188640973 0.1909937238493724 0.2342596348884381
0 0.1912918410041841 0.5469066937119675 0.0766213389121339 0.10699797160243407
5 0.2664121338912134 0.41732251521298175 0.01765690376569037 0.030141987829614574
9 0.5184361924686193 0.4305679513184584 0.04754184100418415 0.08588235294117648
1 0.16311192468619248 0.4418965517241379 0.1006589958158996 0.11296146044624746
8 0.2667207112970711 0.45024340770791077 0.012374476987447681 0.02608519269776879
0 0.027986401673640166 0.633894523326572 0.05597280334728033 0.168762677484787
1 0.05842573221757322 0.47058823529411764 0.11685146443514643 0.20527383367139962
0 0.2865428870292887 0.724158215010142 0.16143305439330546 0.25959432048681547
0 0.032771966527196654 0.5776369168356997 0.06554393305439331 0.12687626774847874
