0 0.23445083682008366 0.49111561866125764 0.04511506276150627 0.07350912778904667
0 0.18789225941422594 0.5362170385395538 0.06030334728033471 0.08821501014198785
0 0.3316422594142259 0.47976673427991884 0.027301255230125547 0.04127789046653143
0 0.3160041841004184 0.5407707910750508 0.05878661087866108 0.08843813387423928
0 0.31820606694560666 0.4964503042596349 0.03492677824267781 0.0525354969574036
1 0.38009937238493724 0.44371196754563896 0.03017782426778245 0.060649087221095285
0 0.3529811715481172 0.4653144016227181 0.02688284518828451 0.040162271805273854
2 0.24618723849372387 0.4711561866125761 0.04718619246861926 0.08924949290060852
0 0.41192468619246864 0.4577079107505071 0.021338912133891188 0.02576064908722107
0 0.23445083682008366 0.49111561866125764 0.04511506276150627 0.07350912778904667
0 0.18789225941422594 0.5362170385395538 0.06030334728033471 0.08821501014198785
0 0.3316422594142259 0.47976673427991884 0.027301255230125547 0.04127789046653143
0 0.3160041841004184 0.5407707910750508 0.05878661087866108 0.08843813387423928
0 0.31820606694560666 0.4964503042596349 0.03492677824267781 0.0525354969574036
1 0.38009937238493724 0.44371196754563896 0.03017782426778245 0.060649087221095285
0 0.3529811715481172 0.4653144016227181 0.02688284518828451 0.040162271805273854
2 0.24618723849372387 0.4711561866125761 0.04718619246861926 0.08924949290060852
0 0.41192468619246864 0.4577079107505071 0.021338912133891188 0.02576064908722107
