0 0.501663179916318 0.5423022312373226 0.06278242677824272 0.0903651115618661
0 0.5914801255230124 0.48134888438133877 0.03944560669456059 0.05515212981744422
1 0.6205648535564854 0.4543610547667343 0.03334728033472803 0.08186612576064911
0 0.5507949790794978 0.5049087221095335 0.043242677824267814 0.05752535496957407
0 0.44951359832635984 0.6501724137931035 0.11017782426778241 0.18079107505070993
0 0.501663179916318 0.5423022312373226 0.06278242677824272 0.0903651115618661
0 0.5914801255230124 0.48134888438133877 0.03944560669456059 0.05515212981744422
1 0.6205648535564854 0.4543610547667343 0.03334728033472803 0.08186612576064911
0 0.5507949790794978 0.5049087221095335 0.043242677824267814 0.05752535496957407
0 0.44951359832635984 0.6501724137931035 0.11017782426778241 0.18079107505070993
