0 0.2090899581589958 0.46399594320486814 0.0161297071129707 0.02008113590263687
0 0.15421548117154812 0.4825050709939148 0.024958158995815913 0.035395537525354945
1 0.07976464435146444 0.5009432048681541 0.058483263598326354 0.09397565922920889
2 0.186255230125523 0.4578498985801217 0.022489539748953975 0.03691683569979714
1 0.02452928870292887 0.5764705882352941 0.04905857740585774 0.272210953346856
1 0.1549110878661088 0.4631744421906694 0.027332635983263593 0.06472616632860045
0 0.1717834728033473 0.46462474645030427 0.007165271966527191 0.020121703853955408
0 0.18025627615062761 0.568498985801217 0.06270920502092052 0.09602434077079103
0 0.15868723849372388 0.49754563894523324 0.026349372384937238 0.0393103448275862
0 0.10617154811715482 0.48199797160243407 0.02071129707112972 0.03215010141987834
0 0.1701516736401674 0.5151521298174443 0.03695606694560671 0.05375253549695746
0 0.2090899581589958 0.46399594320486814 0.0161297071129707 0.02008113590263687
0 0.15421548117154812 0.4825050709939148 0.024958158995815913 0.035395537525354945
1 0.07976464435146444 0.5009432048681541 0.058483263598326354 0.09397565922920889
2 0.186255230125523 0.4578498985801217 0.022489539748953975 0.03691683569979714
1 0.02452928870292887 0.5764705882352941 0.04905857740585774 0.272210953346856
1 0.1549110878661088 0.4631744421906694 0.027332635983263593 0.06472616632860045
0 0.1717834728033473 0.46462474645030427 0.007165271966527191 0.020121703853955408
0 0.18025627615062761 0.568498985801217 0.06270920502092052 0.09602434077079103
0 0.15868723849372388 0.49754563894523324 0.026349372384937238 0.0393103448275862
0 0.10617154811715482 0.48199797160243407 0.02071129707112972 0.03215010141987834
0 0.1701516736401674 0.5151521298174443 0.03695606694560671 0.05375253549695746
