0 0.011349372384937238 0.5137931034482759 0.022698744769874477 0.06693711967545639
0 0.09759414225941422 0.5665314401622717 0.08828451882845188 0.1119675456389452
7 0.3868723849372385 0.43955375253549694 0.11286610878661091 0.038945233265720115
3 0.9218410041841004 0.43957403651115623 0.02364016736401676 0.02373225152129815
11 0.2411610878661088 0.44068965517241376 0.021861924686192476 0.038701825557809356
0 0.011349372384937238 0.5137931034482759 0.022698744769874477 0.06693711967545639
0 0.09759414225941422 0.5665314401622717 0.08828451882845188 0.1119675456389452
7 0.3868723849372385 0.43955375253549694 0.11286610878661091 0.038945233265720115
3 0.9218410041841004 0.43957403651115623 0.02364016736401676 0.02373225152129815
11 0.2411610878661088 0.44068965517241376 0.021861924686192476 0.038701825557809356
