0 0.4371966527196653 0.550709939148073 0.07163179916317988 0.10993914807302235
2 0.2547018828451883 0.4522008113590264 0.05293933054393307 0.06164300202839754
3 0.4007479079497908 0.4293103448275862 0.07047071129707114 0.08271805273833671
0 0.23442991631799165 0.5807505070993915 0.09852510460251043 0.13099391480730227
1 0.5724058577405858 0.4364807302231237 0.07347280334728035 0.07511156186612576
0 0.48545502092050213 0.4818965517241379 0.038504184100418413 0.053651115618661295
0 0.4371966527196653 0.550709939148073 0.07163179916317988 0.10993914807302235
2 0.2547018828451883 0.4522008113590264 0.05293933054393307 0.06164300202839754
3 0.4007479079497908 0.4293103448275862 0.07047071129707114 0.08271805273833671
0 0.23442991631799165 0.5807505070993915 0.09852510460251043 0.13099391480730227
1 0.5724058577405858 0.4364807302231237 0.07347280334728035 0.07511156186612576
0 0.48545502092050213 0.4818965517241379 0.038504184100418413 0.053651115618661295
