9 0.7302163461538461 0.4449019607843137 0.04104807692307687 0.06862745098039216
6 0.7793269230769231 0.4443529411764706 0.01653846153846158 0.030117647058823555
8 0.6244807692307692 0.5014705882352941 0.012000000000000018 0.023725490196078475
7 0.6525865384615385 0.4365392156862745 0.044250000000000095 0.02299999999999998
8 0.6894134615384615 0.44623529411764706 0.010153846153846102 0.02070588235294118
8 0.7606730769230768 0.43823529411764706 0.009230769230769252 0.019999999999999976
8 0.8260288461538461 0.4277254901960784 0.008307692307692294 0.01764705882352941
11 0.6130961538461539 0.5021862745098039 0.010346153846153838 0.024254901960784322
1 0.5803509615384616 0.46577450980392154 0.06025961538461534 0.10923529411764701
9 0.7302163461538461 0.4449019607843137 0.04104807692307687 0.06862745098039216
6 0.7793269230769231 0.4443529411764706 0.01653846153846158 0.030117647058823555
8 0.6244807692307692 0.5014705882352941 0.012000000000000018 0.023725490196078475
7 0.6525865384615385 0.4365392156862745 0.044250000000000095 0.02299999999999998
8 0.6894134615384615 0.44623529411764706 0.010153846153846102 0.02070588235294118
8 0.7606730769230768 0.43823529411764706 0.009230769230769252 0.019999999999999976
8 0.8260288461538461 0.4277254901960784 0.008307692307692294 0.01764705882352941
11 0.6130961538461539 0.5021862745098039 0.010346153846153838 0.024254901960784322
1 0.5803509615384616 0.46577450980392154 0.06025961538461534 0.10923529411764701
