0 0.1045449790794979 0.5013184584178499 0.02172594142259414 0.03298174442190668
1 0.22321652719665272 0.4744624746450305 0.040073221757322176 0.06864097363083164
0 0.3304968619246862 0.5209229208924949 0.04172594142259413 0.06050709939148075
0 0.20362447698744773 0.4983975659229209 0.021809623430962335 0.03298174442190668
0 0.08296548117154812 0.5854766734279918 0.08398535564853556 0.1389452332657201
0 0.02972280334728034 0.533762677484787 0.05551255230125523 0.07141987829614606
0 0.156255230125523 0.507210953346856 0.03320083682008369 0.05486815415821498
0 0.2670031380753138 0.5 0.026119246861924687 0.037647058823529415
0 0.1045449790794979 0.5013184584178499 0.02172594142259414 0.03298174442190668
1 0.22321652719665272 0.4744624746450305 0.040073221757322176 0.06864097363083164
0 0.3304968619246862 0.5209229208924949 0.04172594142259413 0.06050709939148075
0 0.20362447698744773 0.4983975659229209 0.021809623430962335 0.03298174442190668
0 0.08296548117154812 0.5854766734279918 0.08398535564853556 0.1389452332657201
0 0.02972280334728034 0.533762677484787 0.05551255230125523 0.07141987829614606
0 0.156255230125523 0.507210953346856 0.03320083682008369 0.05486815415821498
0 0.2670031380753138 0.5 0.026119246861924687 0.037647058823529415
