11 0.08048640167364016 0.5311764705882352 0.022248953974895392 0.04174442190669374
1 0.179157949790795 0.4891784989858012 0.11354602510460252 0.26618661257606485
7 0.10383891213389122 0.5294117647058824 0.023849372384937235 0.04300202839756596
9 0.41546025104602513 0.4389756592292089 0.020000000000000004 0.038681541582150085
0 0.2356223849372385 0.6436612576064908 0.10720711297071131 0.13052738336714
1 0.10549163179916317 0.45186612576064905 0.06558577405857739 0.152657200811359
1 0.29062238493723846 0.48105476673427994 0.14260460251046025 0.22044624746450306
0 0.4482060669456067 0.6262677484787018 0.1113284518828452 0.1511156186612576
0 0.24417887029288704 0.7513590263691684 0.16268828451882844 0.20965517241379314
0 0.248744769874477 0.8994929006085193 0.2838912133891213 0.2010141987829615
0 0.21789225941422594 0.6019066937119676 0.08201882845188284 0.11139959432048685
2 0.4928399581589958 0.506105476673428 0.08312761506276148 0.11070993914807305
1 0.797489539748954 0.5 0.4050209205020921 1.0
0 0.3753242677824268 0.5784685598377282 0.08550209205020921 0.11697768762677477
0 0.5685041841004185 0.6999898580121704 0.2180125523012553 0.29170385395537524
0 0.1286297071129707 0.5175557809330629 0.03688284518828451 0.06793103448275858
