1 0.40366108786610877 0.5382657200811359 0.23577405857740588 0.6002636916835699
0 0.0353765690376569 0.48272819472616635 0.06031380753138075 0.04484787018255575
0 0.03110355648535565 0.4800912778904665 0.0622071129707113 0.04249492900608517
0 0.08933577405857741 0.5248377281947262 0.061286610878661094 0.07243407707910758
0 0.037834728033472806 0.5422413793103448 0.07543933054393306 0.08967545638945235
0 0.124994769874477 0.5063793103448276 0.05210251046025105 0.07490872210953348
0 0.004419456066945607 0.5744827586206898 0.008838912133891213 0.08531440162271806
0 0.19353033472803347 0.484290060851927 0.03176778242677822 0.04196754563894523
0 0.06410041841004184 0.47641987829614607 0.04671548117154811 0.038113590263691724
2 0.15436192468619245 0.47287018255578095 0.0557112970711297 0.11267748478701822
0 0.20275627615062763 0.4540669371196755 0.030198744769874483 0.02196754563894526
1 0.40366108786610877 0.5382657200811359 0.23577405857740588 0.6002636916835699
0 0.0353765690376569 0.48272819472616635 0.06031380753138075 0.04484787018255575
0 0.03110355648535565 0.4800912778904665 0.0622071129707113 0.04249492900608517
0 0.08933577405857741 0.5248377281947262 0.061286610878661094 0.07243407707910758
0 0.037834728033472806 0.5422413793103448 0.07543933054393306 0.08967545638945235
0 0.124994769874477 0.5063793103448276 0.05210251046025105 0.07490872210953348
0 0.004419456066945607 0.5744827586206898 0.008838912133891213 0.08531440162271806
0 0.19353033472803347 0.484290060851927 0.03176778242677822 0.04196754563894523
0 0.06410041841004184 0.47641987829614607 0.04671548117154811 0.038113590263691724
2 0.15436192468619245 0.47287018255578095 0.0557112970711297 0.11267748478701822
0 0.20275627615062763 0.4540669371196755 0.030198744769874483 0.02196754563894526
