11 0.9150575313807532 0.4777281947261663 0.021370292887029237 0.11918864097363081
1 0.025993723849372385 0.4615415821501014 0.05198744769874477 0.14547667342799184
1 0.25852510460251044 0.5574949290060852 0.22437238493723846 0.532474645030426
0 0.6943200836820084 0.5362271805273834 0.06589958158995816 0.07971602434077076
0 0.7792991631799163 0.5253448275862069 0.07211297071129713 0.09604462474645035
0 0.45143305439330544 0.5336713995943205 0.05083682008368203 0.07444219066937117
0 0.6202771966527196 0.5364097363083165 0.04609832635983257 0.07010141987829621
11 0.9150575313807532 0.4777281947261663 0.021370292887029237 0.11918864097363081
1 0.025993723849372385 0.4615415821501014 0.05198744769874477 0.14547667342799184
1 0.25852510460251044 0.5574949290060852 0.22437238493723846 0.532474645030426
0 0.6943200836820084 0.5362271805273834 0.06589958158995816 0.07971602434077076
0 0.7792991631799163 0.5253448275862069 0.07211297071129713 0.09604462474645035
0 0.45143305439330544 0.5336713995943205 0.05083682008368203 0.07444219066937117
0 0.6202771966527196 0.5364097363083165 0.04609832635983257 0.07010141987829621
