0 0.8538232217573222 0.6296957403651116 0.19919456066945612 0.1644624746450305
0 0.604607740585774 0.6524137931034483 0.12532426778242672 0.20137931034482753
0 0.3038336820083682 0.5776774847870183 0.11791841004184099 0.2048478701825558
7 0.8656380753138074 0.5404766734279919 0.2687238493723849 0.24643002028397562
7 0.8689853556485355 0.2935192697768763 0.26202928870292885 0.24748478701825558
0 0.8538232217573222 0.6296957403651116 0.19919456066945612 0.1644624746450305
0 0.604607740585774 0.6524137931034483 0.12532426778242672 0.20137931034482753
0 0.3038336820083682 0.5776774847870183 0.11791841004184099 0.2048478701825558
7 0.8656380753138074 0.5404766734279919 0.2687238493723849 0.24643002028397562
7 0.8689853556485355 0.2935192697768763 0.26202928870292885 0.24748478701825558
