0 0.06990585774058578 0.3850101419878296 0.048619246861924675 0.04677484787018256
1 0.3819194560669456 0.49523326572008114 0.10896443514644354 0.1920892494929006
1 0.5134361924686193 0.5244421906693713 0.17103556485355653 0.4038539553752536
3 0.32995292887029287 0.35493914807302235 0.077479079497908 0.06683569979716028
0 0.09830543933054392 0.3859026369168357 0.052050209205020924 0.04847870182555776
0 0.06990585774058578 0.3850101419878296 0.048619246861924675 0.04677484787018256
1 0.3819194560669456 0.49523326572008114 0.10896443514644354 0.1920892494929006
1 0.5134361924686193 0.5244421906693713 0.17103556485355653 0.4038539553752536
3 0.32995292887029287 0.35493914807302235 0.077479079497908 0.06683569979716028
0 0.09830543933054392 0.3859026369168357 0.052050209205020924 0.04847870182555776
