0 0.4864696652719665 0.4916632860040568 0.05411087866108789 0.05034482758620694
2 0.2647489539748954 0.4632352941176471 0.03933054393305436 0.09202839756592293
2 0.3082217573221757 0.44300202839756586 0.03251046025104601 0.0559837728194726
5 0.6475418410041841 0.43225152129817446 0.01307531380753138 0.02434077079107505
0 0.36077405857740585 0.4691683569979716 0.025941422594142272 0.036511156186612576
0 0.2292154811715481 0.4450811359026369 0.012050209205020902 0.021034482758620698
0 0.4864696652719665 0.4916632860040568 0.05411087866108789 0.05034482758620694
2 0.2647489539748954 0.4632352941176471 0.03933054393305436 0.09202839756592293
2 0.3082217573221757 0.44300202839756586 0.03251046025104601 0.0559837728194726
5 0.6475418410041841 0.43225152129817446 0.01307531380753138 0.02434077079107505
0 0.36077405857740585 0.4691683569979716 0.025941422594142272 0.036511156186612576
0 0.2292154811715481 0.4450811359026369 0.012050209205020902 0.021034482758620698
