0 0.49764215686274504 0.4026595744680851 0.062401960784313704 0.06957446808510635
1 0.347921568627451 0.3065425531914893 0.21568627450980393 0.12338297872340424
0 0.1571372549019608 0.44643617021276594 0.15415686274509804 0.13240425531914893
0 0.42216176470588235 0.41798936170212764 0.07671568627450981 0.08061702127659577
6 0.49598039215686274 0.318936170212766 0.018039215686274545 0.04510638297872338
6 0.8219607843137255 0.31819148936170216 0.028039215686274533 0.05425531914893617
7 0.8148774509803921 0.09503191489361702 0.06122549019607836 0.11772340425531914
0 0.6298088235294117 0.37146808510638296 0.0317549019607843 0.04472340425531911
0 0.6569803921568628 0.36417021276595746 0.030352941176470624 0.04570212765957451
2 0.5563676470588236 0.3848404255319149 0.0674411764705882 0.08734042553191491
0 0.05240196078431373 0.4538297872340426 0.10480392156862746 0.11148936170212767
1 0.6914607843137255 0.33198936170212767 0.0794313725490196 0.09942553191489366
2 0.30291666666666667 0.39611702127659576 0.14936274509803918 0.1730425531914894
0 0.49764215686274504 0.4026595744680851 0.062401960784313704 0.06957446808510635
1 0.347921568627451 0.3065425531914893 0.21568627450980393 0.12338297872340424
0 0.1571372549019608 0.44643617021276594 0.15415686274509804 0.13240425531914893
0 0.42216176470588235 0.41798936170212764 0.07671568627450981 0.08061702127659577
6 0.49598039215686274 0.318936170212766 0.018039215686274545 0.04510638297872338
6 0.8219607843137255 0.31819148936170216 0.028039215686274533 0.05425531914893617
7 0.8148774509803921 0.09503191489361702 0.06122549019607836 0.11772340425531914
0 0.6298088235294117 0.37146808510638296 0.0317549019607843 0.04472340425531911
0 0.6569803921568628 0.36417021276595746 0.030352941176470624 0.04570212765957451
2 0.5563676470588236 0.3848404255319149 0.0674411764705882 0.08734042553191491
0 0.05240196078431373 0.4538297872340426 0.10480392156862746 0.11148936170212767
1 0.6914607843137255 0.33198936170212767 0.0794313725490196 0.09942553191489366
2 0.30291666666666667 0.39611702127659576 0.14936274509803918 0.1730425531914894
