0 0.23844142259414225 0.5220081135902638 0.05638075313807532 0.09066937119675454
8 0.5089958158995816 0.5256592292089249 0.03912133891213393 0.07079107505071001
21 0.138347280334728 0.523894523326572 0.023096234309623445 0.018012170385395584
21 0.03127615062761506 0.5204868154158215 0.030125523012552297 0.02141987829614605
0 0.13597803347280335 0.48185598377281946 0.0378765690376569 0.059046653144016255
8 0.5067991631799164 0.6320486815415822 0.030125523012552252 0.13306288032454355
5 0.37792887029288696 0.42352941176470593 0.011297071129707124 0.018255578093306288
0 0.23844142259414225 0.5220081135902638 0.05638075313807532 0.09066937119675454
8 0.5089958158995816 0.5256592292089249 0.03912133891213393 0.07079107505071001
21 0.138347280334728 0.523894523326572 0.023096234309623445 0.018012170385395584
21 0.03127615062761506 0.5204868154158215 0.030125523012552297 0.02141987829614605
0 0.13597803347280335 0.48185598377281946 0.0378765690376569 0.059046653144016255
8 0.5067991631799164 0.6320486815415822 0.030125523012552252 0.13306288032454355
5 0.37792887029288696 0.42352941176470593 0.011297071129707124 0.018255578093306288
