6 0.11975000000000001 0.6141952789699572 0.039049019607843134 0.07920600858369103
6 0.6281323529411764 0.6970708154506438 0.03667647058823526 0.07912017167381975
7 0.44798039215686275 0.6710729613733906 0.04499999999999998 0.042060085836909795
7 0.49249019607843136 0.6704291845493563 0.034215686274509785 0.043776824034334715
12 0.6277058823529411 0.7879399141630901 0.030980392156862657 0.10042918454935625
12 0.12021078431372549 0.7084978540772532 0.03330392156862745 0.10618025751072953
1 0.4348725490196078 0.7674356223175965 0.03386274509803918 0.06199570815450641
0 0.2568970588235294 0.8099570815450644 0.04179411764705885 0.05128755364806862
0 0.3621078431372549 0.7940987124463519 0.026568627450980358 0.0328326180257511
6 0.11975000000000001 0.6141952789699572 0.039049019607843134 0.07920600858369103
6 0.6281323529411764 0.6970708154506438 0.03667647058823526 0.07912017167381975
7 0.44798039215686275 0.6710729613733906 0.04499999999999998 0.042060085836909795
7 0.49249019607843136 0.6704291845493563 0.034215686274509785 0.043776824034334715
12 0.6277058823529411 0.7879399141630901 0.030980392156862657 0.10042918454935625
12 0.12021078431372549 0.7084978540772532 0.03330392156862745 0.10618025751072953
1 0.4348725490196078 0.7674356223175965 0.03386274509803918 0.06199570815450641
0 0.2568970588235294 0.8099570815450644 0.04179411764705885 0.05128755364806862
0 0.3621078431372549 0.7940987124463519 0.026568627450980358 0.0328326180257511
