0 0.3646225490196079 0.43848936170212766 0.01236274509803923 0.02127659574468085
1 0.3587352941176471 0.4229574468085106 0.013725490196078431 0.03787234042553194
21 0.06476470588235295 0.7519361702127659 0.1295294117647059 0.1660000000000001
0 0.36946078431372553 0.4426595744680851 0.014803921568627417 0.02319148936170214
21 0.9402156862745098 0.810563829787234 0.11956862745098043 0.056659574468085096
0 0.38636274509803925 0.453 0.020000000000000035 0.036170212765957444
21 0.3419901960784314 0.8338085106382979 0.05949019607843138 0.33238297872340433
1 0.33882843137254903 0.42617021276595746 0.026460784313725498 0.0812765957446809
0 0.3960049019607843 0.4592765957446809 0.028676470588235293 0.04493617021276591
21 0.6734264705882352 0.8311808510638298 0.27195098039215687 0.3376382978723404
1 0.23705882352941177 0.4467872340425532 0.08999999999999998 0.2047234042553192
0 0.3646225490196079 0.43848936170212766 0.01236274509803923 0.02127659574468085
1 0.3587352941176471 0.4229574468085106 0.013725490196078431 0.03787234042553194
21 0.06476470588235295 0.7519361702127659 0.1295294117647059 0.1660000000000001
0 0.36946078431372553 0.4426595744680851 0.014803921568627417 0.02319148936170214
21 0.9402156862745098 0.810563829787234 0.11956862745098043 0.056659574468085096
0 0.38636274509803925 0.453 0.020000000000000035 0.036170212765957444
21 0.3419901960784314 0.8338085106382979 0.05949019607843138 0.33238297872340433
1 0.33882843137254903 0.42617021276595746 0.026460784313725498 0.0812765957446809
0 0.3960049019607843 0.4592765957446809 0.028676470588235293 0.04493617021276591
21 0.6734264705882352 0.8311808510638298 0.27195098039215687 0.3376382978723404
1 0.23705882352941177 0.4467872340425532 0.08999999999999998 0.2047234042553192
