0 0.2213622448979592 0.34060880829015544 0.022479591836734696 0.04178756476683937
18 0.3889948979591837 0.2950259067357513 0.009153061224489766 0.051917098445595875
1 0.20023979591836735 0.3025259067357513 0.045500000000000006 0.09349740932642485
18 0.32237244897959183 0.08378238341968913 0.012214285714285742 0.06746113989637305
0 0.3369285714285714 0.48141191709844555 0.07814285714285718 0.158160621761658
0 0.3373928571428571 0.4341450777202072 0.059704081632653054 0.11233160621761654
0 0.3366326530612245 0.40661917098445594 0.04367346938775511 0.12101036269430054
0 0.391545918367347 0.3608419689119171 0.05545918367346935 0.06598445595854925
21 0.23903061224489797 0.4362176165803109 0.022530612244897944 0.026113989637305657
21 0.10714795918367347 0.636178756476684 0.07141836734693877 0.11691709844559585
10 0.3950102040816327 0.24269430051813473 0.018163265306122462 0.04507772020725386
0 0.10416326530612245 0.3422279792746114 0.04551020408163265 0.03963730569948186
0 0.27076020408163265 0.36283678756476684 0.029316326530612235 0.05562176165803109
21 0.34971428571428576 0.6452979274611399 0.054530612244897955 0.10023316062176166
18 0.2539336734693878 0.08297927461139896 0.012214285714285714 0.06746113989637305
0 0.2213622448979592 0.34060880829015544 0.022479591836734696 0.04178756476683937
18 0.3889948979591837 0.2950259067357513 0.009153061224489766 0.051917098445595875
1 0.20023979591836735 0.3025259067357513 0.045500000000000006 0.09349740932642485
18 0.32237244897959183 0.08378238341968913 0.012214285714285742 0.06746113989637305
0 0.3369285714285714 0.48141191709844555 0.07814285714285718 0.158160621761658
0 0.3373928571428571 0.4341450777202072 0.059704081632653054 0.11233160621761654
0 0.3366326530612245 0.40661917098445594 0.04367346938775511 0.12101036269430054
0 0.391545918367347 0.3608419689119171 0.05545918367346935 0.06598445595854925
21 0.23903061224489797 0.4362176165803109 0.022530612244897944 0.026113989637305657
21 0.10714795918367347 0.636178756476684 0.07141836734693877 0.11691709844559585
10 0.3950102040816327 0.24269430051813473 0.018163265306122462 0.04507772020725386
0 0.10416326530612245 0.3422279792746114 0.04551020408163265 0.03963730569948186
0 0.27076020408163265 0.36283678756476684 0.029316326530612235 0.05562176165803109
21 0.34971428571428576 0.6452979274611399 0.054530612244897955 0.10023316062176166
18 0.2539336734693878 0.08297927461139896 0.012214285714285714 0.06746113989637305
