15 0.12313725490196079 0.9745922746781115 0.049019607843137254 0.050815450643776836
1 0.09191176470588236 0.8713090128755364 0.09474509803921567 0.15759656652360515
1 0.43353921568627457 0.7372103004291846 0.02625490196078434 0.04961373390557941
8 0.12180392156862746 0.8665450643776824 0.0679607843137255 0.1475965665236051
1 0.8422254901960785 0.6802145922746782 0.047784313725490205 0.06085836909871248
8 0.3030147058823529 0.7093991416309013 0.012166666666666635 0.02695278969957082
1 0.28345588235294117 0.7339377682403433 0.030147058823529412 0.04757510729613737
15 0.3027352941176471 0.7396888412017167 0.010411764705882358 0.02967811158798292
15 0.12313725490196079 0.9745922746781115 0.049019607843137254 0.050815450643776836
1 0.09191176470588236 0.8713090128755364 0.09474509803921567 0.15759656652360515
1 0.43353921568627457 0.7372103004291846 0.02625490196078434 0.04961373390557941
8 0.12180392156862746 0.8665450643776824 0.0679607843137255 0.1475965665236051
1 0.8422254901960785 0.6802145922746782 0.047784313725490205 0.06085836909871248
8 0.3030147058823529 0.7093991416309013 0.012166666666666635 0.02695278969957082
1 0.28345588235294117 0.7339377682403433 0.030147058823529412 0.04757510729613737
15 0.3027352941176471 0.7396888412017167 0.010411764705882358 0.02967811158798292
