0 0.9251323529411765 0.7431974248927038 0.04457843137254905 0.055493562231759684
0 0.6832941176470588 0.7007510729613733 0.03372549019607841 0.027467811158798306
2 0.7848137254901961 0.8683047210300429 0.13370588235294117 0.22862660944206
0 0.9730196078431372 0.7156223175965666 0.03288235294117643 0.04515021459227472
0 0.9950980392156863 0.7259656652360515 0.00980392156862745 0.043175965665236064
2 0.7303039215686274 0.6916309012875537 0.048725490196078476 0.0452789699570816
0 0.9251323529411765 0.7431974248927038 0.04457843137254905 0.055493562231759684
0 0.6832941176470588 0.7007510729613733 0.03372549019607841 0.027467811158798306
2 0.7848137254901961 0.8683047210300429 0.13370588235294117 0.22862660944206
0 0.9730196078431372 0.7156223175965666 0.03288235294117643 0.04515021459227472
0 0.9950980392156863 0.7259656652360515 0.00980392156862745 0.043175965665236064
2 0.7303039215686274 0.6916309012875537 0.048725490196078476 0.0452789699570816
