2 0.7505882352941177 0.7127038626609442 0.04737254901960778 0.04600858369098712
0 0.42826470588235294 0.7100321888412017 0.031509803921568616 0.029291845493562185
16 0.4758823529411764 0.7275536480686696 0.002352941176470622 0.02145922746781116
2 0.545936274509804 0.7139699570815451 0.034401960784313755 0.06862660944206
0 0.2228529411764706 0.8432403433476394 0.13017647058823528 0.1564377682403433
0 0.5037254901960784 0.7485085836909872 0.028431372549019552 0.045901287553648036
0 0.5797303921568628 0.7184763948497854 0.018774509803921546 0.026137339055793882
10 0.9527450980392156 0.7537017167381975 0.0945098039215686 0.198175965665236
2 0.6819215686274509 0.7114377682403433 0.04831372549019616 0.04622317596566528
10 0.594735294117647 0.6922961373390558 0.008176470588235214 0.017553648068669544
0 0.14340196078431375 0.9454935622317597 0.17888235294117646 0.10901287553648072
2 0.7505882352941177 0.7127038626609442 0.04737254901960778 0.04600858369098712
0 0.42826470588235294 0.7100321888412017 0.031509803921568616 0.029291845493562185
16 0.4758823529411764 0.7275536480686696 0.002352941176470622 0.02145922746781116
2 0.545936274509804 0.7139699570815451 0.034401960784313755 0.06862660944206
0 0.2228529411764706 0.8432403433476394 0.13017647058823528 0.1564377682403433
0 0.5037254901960784 0.7485085836909872 0.028431372549019552 0.045901287553648036
0 0.5797303921568628 0.7184763948497854 0.018774509803921546 0.026137339055793882
10 0.9527450980392156 0.7537017167381975 0.0945098039215686 0.198175965665236
2 0.6819215686274509 0.7114377682403433 0.04831372549019616 0.04622317596566528
10 0.594735294117647 0.6922961373390558 0.008176470588235214 0.017553648068669544
0 0.14340196078431375 0.9454935622317597 0.17888235294117646 0.10901287553648072
