1 0.43509803921568624 0.7549356223175966 0.188235294117647 0.4901287553648069
7 0.627107843137255 0.528862660944206 0.05578431372549018 0.24141630901287553
16 0.30414705882352944 0.7094206008583692 0.0016666666666666555 0.024892703862660872
16 0.22444117647058826 0.7511587982832617 0.00323529411764707 0.044420600858369075
0 0.07709313725490197 0.965 0.15418627450980393 0.07
1 0.43509803921568624 0.7549356223175966 0.188235294117647 0.4901287553648069
7 0.627107843137255 0.528862660944206 0.05578431372549018 0.24141630901287553
16 0.30414705882352944 0.7094206008583692 0.0016666666666666555 0.024892703862660872
16 0.22444117647058826 0.7511587982832617 0.00323529411764707 0.044420600858369075
0 0.07709313725490197 0.965 0.15418627450980393 0.07
