10 0.5596323529411765 0.6774570815450645 0.034872549019607894 0.07122317596566523
16 0.44419117647058826 0.7255042918454936 0.00359803921568629 0.035085836909871174
16 0.6599901960784315 0.9316201716738197 0.00786274509803931 0.13675965665236056
0 0.2971127450980392 0.7452682403433477 0.042245098039215716 0.0691630901287554
1 0.3876470588235294 0.6888948497854077 0.04411764705882353 0.1271459227467811
7 0.49120588235294116 0.6152682403433477 0.05372549019607838 0.07019313304721025
10 0.5596323529411765 0.6774570815450645 0.034872549019607894 0.07122317596566523
16 0.44419117647058826 0.7255042918454936 0.00359803921568629 0.035085836909871174
16 0.6599901960784315 0.9316201716738197 0.00786274509803931 0.13675965665236056
0 0.2971127450980392 0.7452682403433477 0.042245098039215716 0.0691630901287554
1 0.3876470588235294 0.6888948497854077 0.04411764705882353 0.1271459227467811
7 0.49120588235294116 0.6152682403433477 0.05372549019607838 0.07019313304721025
