0 0.2742156862745098 0.3885106382978723 0.05725490196078429 0.05489361702127662
0 0.5502941176470588 0.7962765957446809 0.32019607843137254 0.40063829787234034
0 0.41323529411764703 0.39787234042553193 0.057647058823529364 0.04553191489361697
0 0.4733235294117647 0.4016170212765957 0.0677450980392157 0.047872340425531915
0 0.49421568627450985 0.41929787234042554 0.056470588235294085 0.058425531914893636
1 0.6547549019607842 0.377063829787234 0.10480392156862743 0.0932765957446808
0 0.008872549019607844 0.3879787234042553 0.017745098039215687 0.04148936170212766
0 0.5629901960784314 0.39882978723404255 0.06205882352941172 0.05255319148936174
0 0.6973039215686274 0.5160957446808511 0.08872549019607844 0.16751063829787238
0 0.7361519607843138 0.40063829787234045 0.053774509803921476 0.0425531914893617
12 0.8159019607843138 0.34617021276595744 0.009411764705882375 0.019787234042553156
0 0.7795098039215687 0.4166702127659574 0.05862745098039211 0.06453191489361705
0 0.2742156862745098 0.3885106382978723 0.05725490196078429 0.05489361702127662
0 0.5502941176470588 0.7962765957446809 0.32019607843137254 0.40063829787234034
0 0.41323529411764703 0.39787234042553193 0.057647058823529364 0.04553191489361697
0 0.4733235294117647 0.4016170212765957 0.0677450980392157 0.047872340425531915
0 0.49421568627450985 0.41929787234042554 0.056470588235294085 0.058425531914893636
1 0.6547549019607842 0.377063829787234 0.10480392156862743 0.0932765957446808
0 0.008872549019607844 0.3879787234042553 0.017745098039215687 0.04148936170212766
0 0.5629901960784314 0.39882978723404255 0.06205882352941172 0.05255319148936174
0 0.6973039215686274 0.5160957446808511 0.08872549019607844 0.16751063829787238
0 0.7361519607843138 0.40063829787234045 0.053774509803921476 0.0425531914893617
12 0.8159019607843138 0.34617021276595744 0.009411764705882375 0.019787234042553156
0 0.7795098039215687 0.4166702127659574 0.05862745098039211 0.06453191489361705
