1 0.1698627450980392 0.7891094420600859 0.14584313725490194 0.28118025751072967
0 0.8654460784313726 0.781019313304721 0.04291176470588234 0.0305793991416309
1 0.2567009803921569 0.6838197424892705 0.06144117647058825 0.1772961373390558
0 0.2216078431372549 0.7883154506437768 0.06172549019607841 0.10615879828326175
1 0.5298333333333333 0.7615665236051502 0.10711764705882347 0.06935622317596565
16 0.46709803921568627 0.7968347639484978 0.004980392156862785 0.0820386266094421
2 0.9200441176470587 0.7760193133047211 0.053068627450980385 0.04169527896995697
1 0.1698627450980392 0.7891094420600859 0.14584313725490194 0.28118025751072967
0 0.8654460784313726 0.781019313304721 0.04291176470588234 0.0305793991416309
1 0.2567009803921569 0.6838197424892705 0.06144117647058825 0.1772961373390558
0 0.2216078431372549 0.7883154506437768 0.06172549019607841 0.10615879828326175
1 0.5298333333333333 0.7615665236051502 0.10711764705882347 0.06935622317596565
16 0.46709803921568627 0.7968347639484978 0.004980392156862785 0.0820386266094421
2 0.9200441176470587 0.7760193133047211 0.053068627450980385 0.04169527896995697
