0 0.30581632653061225 0.3735751295336787 0.09000000000000001 0.0808290155440415
3 0.5656122448979591 0.3023445595854923 0.16102040816326538 0.13313471502590674
0 0.16275510204081634 0.3608419689119171 0.06653061224489795 0.0793523316062176
1 0.9777397959183672 0.30541450777202067 0.04398979591836736 0.1415025906735751
9 0.09612244897959184 0.2860103626943005 0.12265306122448981 0.26373056994818656
0 0.8607755102040816 0.35129533678756475 0.06583673469387764 0.07823834196891188
8 0.4578571428571429 0.29443005181347154 0.0579591836734694 0.12875647668393783
8 0.6265918367346939 0.29857512953367876 0.040122448979591885 0.0904145077720207
0 0.30581632653061225 0.3735751295336787 0.09000000000000001 0.0808290155440415
3 0.5656122448979591 0.3023445595854923 0.16102040816326538 0.13313471502590674
0 0.16275510204081634 0.3608419689119171 0.06653061224489795 0.0793523316062176
1 0.9777397959183672 0.30541450777202067 0.04398979591836736 0.1415025906735751
9 0.09612244897959184 0.2860103626943005 0.12265306122448981 0.26373056994818656
0 0.8607755102040816 0.35129533678756475 0.06583673469387764 0.07823834196891188
8 0.4578571428571429 0.29443005181347154 0.0579591836734694 0.12875647668393783
8 0.6265918367346939 0.29857512953367876 0.040122448979591885 0.0904145077720207
