1 0.15837254901960784 0.7448712446351932 0.1311764705882353 0.1648927038626609
8 0.5042745098039216 0.7188412017167383 0.01803921568627443 0.038197424892703884
1 0.36555882352941177 0.7349356223175966 0.04784313725490191 0.08433476394849788
1 0.4293823529411765 0.7293562231759656 0.022549019607843137 0.052145922746781016
0 0.40717647058823536 0.7528540772532188 0.014411764705882341 0.022746781115879876
1 0.15837254901960784 0.7448712446351932 0.1311764705882353 0.1648927038626609
8 0.5042745098039216 0.7188412017167383 0.01803921568627443 0.038197424892703884
1 0.36555882352941177 0.7349356223175966 0.04784313725490191 0.08433476394849788
1 0.4293823529411765 0.7293562231759656 0.022549019607843137 0.052145922746781016
0 0.40717647058823536 0.7528540772532188 0.014411764705882341 0.022746781115879876
