0 0.20304411764705885 0.5218723404255319 0.07999019607843137 0.13663829787234041
2 0.6959460784313726 0.3785106382978723 0.043421568627450946 0.09846808510638298
21 0.1631862745098039 0.6922340425531915 0.041078431372549025 0.11255319148936177
0 0.18070588235294116 0.39882978723404255 0.030921568627450973 0.05255319148936174
1 0.09822058823529412 0.4109787234042553 0.17787254901960786 0.185531914893617
20 0.3331568627450981 0.3323829787234043 0.004705882352941187 0.018510638297872316
20 0.3003137254901961 0.23031914893617023 0.005647058823529403 0.02489361702127657
20 0.5739215686274509 0.3653829787234043 0.012549019607843093 0.06710638297872339
0 0.3037156862745098 0.37270212765957444 0.0170588235294118 0.029787234042553193
21 0.4498921568627451 0.6895851063829788 0.07786274509803923 0.1195531914893617
2 0.3883627450980392 0.3543936170212766 0.05062745098039215 0.0582340425531915
20 0.2682598039215686 0.22871276595744683 0.006127450980392157 0.02729787234042553
1 0.4016911764705883 0.34208510638297873 0.12485294117647056 0.07225531914893613
1 0.2828627450980392 0.35525531914893616 0.048627450980392124 0.04595744680851069
6 0.8598872549019608 0.36235106382978727 0.07359803921568632 0.15610638297872342
10 0.5717990196078432 0.2938723404255319 0.02334313725490191 0.054297872340425525
1 0.4815588235294117 0.3618085106382979 0.05609803921568625 0.05382978723404252
0 0.20304411764705885 0.5218723404255319 0.07999019607843137 0.13663829787234041
2 0.6959460784313726 0.3785106382978723 0.043421568627450946 0.09846808510638298
21 0.1631862745098039 0.6922340425531915 0.041078431372549025 0.11255319148936177
0 0.18070588235294116 0.39882978723404255 0.030921568627450973 0.05255319148936174
1 0.09822058823529412 0.4109787234042553 0.17787254901960786 0.185531914893617
20 0.3331568627450981 0.3323829787234043 0.004705882352941187 0.018510638297872316
20 0.3003137254901961 0.23031914893617023 0.005647058823529403 0.02489361702127657
20 0.5739215686274509 0.3653829787234043 0.012549019607843093 0.06710638297872339
0 0.3037156862745098 0.37270212765957444 0.0170588235294118 0.029787234042553193
21 0.4498921568627451 0.6895851063829788 0.07786274509803923 0.1195531914893617
2 0.3883627450980392 0.3543936170212766 0.05062745098039215 0.0582340425531915
20 0.2682598039215686 0.22871276595744683 0.006127450980392157 0.02729787234042553
1 0.4016911764705883 0.34208510638297873 0.12485294117647056 0.07225531914893613
1 0.2828627450980392 0.35525531914893616 0.048627450980392124 0.04595744680851069
6 0.8598872549019608 0.36235106382978727 0.07359803921568632 0.15610638297872342
10 0.5717990196078432 0.2938723404255319 0.02334313725490191 0.054297872340425525
1 0.4815588235294117 0.3618085106382979 0.05609803921568625 0.05382978723404252
