0 0.07387254901960784 0.7241382978723405 0.14774509803921568 0.2626595744680851
16 0.6304117647058823 0.5961702127659574 0.00711764705882352 0.10544680851063837
0 0.4981862745098039 0.4434787234042553 0.018823529411764694 0.02695744680851067
0 0.37985294117647056 0.48355319148936166 0.04156862745098037 0.05489361702127656
0 0.2825490196078432 0.4481276595744681 0.03499999999999999 0.03808510638297873
0 0.3213970588235294 0.4542978723404255 0.03544117647058821 0.04319148936170209
3 0.14597549019607844 0.42561702127659573 0.13542156862745097 0.1462553191489362
0 0.07387254901960784 0.7241382978723405 0.14774509803921568 0.2626595744680851
16 0.6304117647058823 0.5961702127659574 0.00711764705882352 0.10544680851063837
0 0.4981862745098039 0.4434787234042553 0.018823529411764694 0.02695744680851067
0 0.37985294117647056 0.48355319148936166 0.04156862745098037 0.05489361702127656
0 0.2825490196078432 0.4481276595744681 0.03499999999999999 0.03808510638297873
0 0.3213970588235294 0.4542978723404255 0.03544117647058821 0.04319148936170209
3 0.14597549019607844 0.42561702127659573 0.13542156862745097 0.1462553191489362
