0 0.38351020408163267 0.3933290155440414 0.035224489795918405 0.05655440414507775
7 0.5545204081632654 0.3693782383419689 0.018918367346938855 0.11269430051813475
1 0.31806122448979596 0.3290025906735751 0.052489795918367346 0.08598445595854921
3 0.5266530612244898 0.2894818652849741 0.01479591836734694 0.03756476683937824
0 0.12798979591836734 0.409559585492228 0.06136734693877551 0.09590673575129528
1 0.4260357142857143 0.3011917098445596 0.027928571428571435 0.04834196891191709
0 0.511 0.31593264248704667 0.011428571428571416 0.020984455958549208
0 0.41696938775510206 0.3336528497409326 0.01451020408163268 0.023005181347150246
16 0.6242857142857142 0.4769041450777202 0.007142857142857143 0.06365284974093262
0 0.3798826530612245 0.33709844559585495 0.017112244897959223 0.02538860103626946
0 0.38351020408163267 0.3933290155440414 0.035224489795918405 0.05655440414507775
7 0.5545204081632654 0.3693782383419689 0.018918367346938855 0.11269430051813475
1 0.31806122448979596 0.3290025906735751 0.052489795918367346 0.08598445595854921
3 0.5266530612244898 0.2894818652849741 0.01479591836734694 0.03756476683937824
0 0.12798979591836734 0.409559585492228 0.06136734693877551 0.09590673575129528
1 0.4260357142857143 0.3011917098445596 0.027928571428571435 0.04834196891191709
0 0.511 0.31593264248704667 0.011428571428571416 0.020984455958549208
0 0.41696938775510206 0.3336528497409326 0.01451020408163268 0.023005181347150246
16 0.6242857142857142 0.4769041450777202 0.007142857142857143 0.06365284974093262
0 0.3798826530612245 0.33709844559585495 0.017112244897959223 0.02538860103626946
