1 0.16201020408163266 0.3088082901554404 0.09183673469387757 0.1461139896373057
0 0.3089234693877551 0.37455958549222795 0.037867346938775526 0.07020725388601035
13 0.508734693877551 0.28380829015544046 0.033795918367346946 0.09715025906735755
16 0.6373724489795919 0.4499093264248705 0.004377551020408126 0.07080310880829019
1 0.2935 0.28678756476683936 0.022714285714285704 0.06321243523316064
0 0.39713265306122447 0.31452072538860104 0.01544897959183672 0.0265025906735751
0 0.2494795918367347 0.3358419689119171 0.0266530612244898 0.03997409326424869
1 0.16201020408163266 0.3088082901554404 0.09183673469387757 0.1461139896373057
0 0.3089234693877551 0.37455958549222795 0.037867346938775526 0.07020725388601035
13 0.508734693877551 0.28380829015544046 0.033795918367346946 0.09715025906735755
16 0.6373724489795919 0.4499093264248705 0.004377551020408126 0.07080310880829019
1 0.2935 0.28678756476683936 0.022714285714285704 0.06321243523316064
0 0.39713265306122447 0.31452072538860104 0.01544897959183672 0.0265025906735751
0 0.2494795918367347 0.3358419689119171 0.0266530612244898 0.03997409326424869
