0 0.47115384615384615 0.6902941176470588 0.12115384615384615 0.172078431372549
3 0.24447115384615384 0.5519607843137255 0.4889423076923077 0.8960784313725491
18 0.586923076923077 0.07511764705882354 0.01673076923076921 0.06937254901960783
4 0.9823701923076923 0.5697745098039215 0.012471153846153982 0.020803921568627478
21 0.8762932692307692 0.9533921568627451 0.13316346153846154 0.09321568627450984
8 0.6449519230769231 0.6519607843137255 0.02548076923076923 0.05058823529411756
18 0.8779038461538461 0.03911764705882353 0.018807692307692254 0.0731372549019608
12 0.5408028846153846 0.06218627450980392 0.02589423076923072 0.057705882352941176
0 0.6046201923076924 0.5589999999999999 0.04210576923076931 0.07376470588235295
12 0.5386538461538461 0.12341176470588235 0.029423076923076944 0.05945098039215685
12 0.8128557692307691 0.028990196078431372 0.033288461538461545 0.057980392156862744
12 0.8091490384615385 0.09349019607843137 0.033298076923076916 0.06788235294117645
8 0.9557163461538462 0.6697843137254903 0.029336538461538452 0.05062745098039215
0 0.5274230769230769 0.6344803921568628 0.08984615384615384 0.1320588235294117
0 0.5878798076923076 0.5790294117647059 0.053528846153846225 0.07762745098039221
0 0.5597644230769231 0.6001274509803921 0.06799038461538465 0.1038235294117648
1 0.7923846153846154 0.5441176470588235 0.15669230769230763 0.4137254901960784
0 0.47115384615384615 0.6902941176470588 0.12115384615384615 0.172078431372549
3 0.24447115384615384 0.5519607843137255 0.4889423076923077 0.8960784313725491
18 0.586923076923077 0.07511764705882354 0.01673076923076921 0.06937254901960783
4 0.9823701923076923 0.5697745098039215 0.012471153846153982 0.020803921568627478
21 0.8762932692307692 0.9533921568627451 0.13316346153846154 0.09321568627450984
8 0.6449519230769231 0.6519607843137255 0.02548076923076923 0.05058823529411756
18 0.8779038461538461 0.03911764705882353 0.018807692307692254 0.0731372549019608
12 0.5408028846153846 0.06218627450980392 0.02589423076923072 0.057705882352941176
0 0.6046201923076924 0.5589999999999999 0.04210576923076931 0.07376470588235295
12 0.5386538461538461 0.12341176470588235 0.029423076923076944 0.05945098039215685
12 0.8128557692307691 0.028990196078431372 0.033288461538461545 0.057980392156862744
12 0.8091490384615385 0.09349019607843137 0.033298076923076916 0.06788235294117645
8 0.9557163461538462 0.6697843137254903 0.029336538461538452 0.05062745098039215
0 0.5274230769230769 0.6344803921568628 0.08984615384615384 0.1320588235294117
0 0.5878798076923076 0.5790294117647059 0.053528846153846225 0.07762745098039221
0 0.5597644230769231 0.6001274509803921 0.06799038461538465 0.1038235294117648
1 0.7923846153846154 0.5441176470588235 0.15669230769230763 0.4137254901960784
