1 0.13535714285714287 0.30712435233160623 0.0396938775510204 0.0878238341968912
0 0.607704081632653 0.3748704663212435 0.05928571428571431 0.08238341968911912
0 0.0667857142857143 0.3779792746113989 0.04765306122448979 0.08911917098445597
0 0.17714285714285713 0.3277590673575129 0.019183673469387767 0.039818652849740906
7 0.6827908163265306 0.30740932642487045 0.061948979591836775 0.08108808290155439
0 0.29056122448979593 0.3442357512953368 0.021734693877550976 0.0462435233160622
0 0.2453673469387755 0.32538860103626943 0.012326530612244911 0.02538860103626942
0 0.009591836734693878 0.6948704663212436 0.019183673469387756 0.2727979274611399
1 0.13535714285714287 0.30712435233160623 0.0396938775510204 0.0878238341968912
0 0.607704081632653 0.3748704663212435 0.05928571428571431 0.08238341968911912
0 0.0667857142857143 0.3779792746113989 0.04765306122448979 0.08911917098445597
0 0.17714285714285713 0.3277590673575129 0.019183673469387767 0.039818652849740906
7 0.6827908163265306 0.30740932642487045 0.061948979591836775 0.08108808290155439
0 0.29056122448979593 0.3442357512953368 0.021734693877550976 0.0462435233160622
0 0.2453673469387755 0.32538860103626943 0.012326530612244911 0.02538860103626942
0 0.009591836734693878 0.6948704663212436 0.019183673469387756 0.2727979274611399
