16 0.4866764705882353 0.8102360515021461 0.0029411764705882353 0.032618025751072935
16 0.4523137254901961 0.7896351931330473 0.0024509803921568627 0.022746781115879754
1 0.10349019607843138 0.7433047210300429 0.20698039215686276 0.5133905579399142
0 0.4315686274509804 0.791824034334764 0.029803921568627427 0.03755364806866953
1 0.29892156862745095 0.824881974248927 0.07003921568627451 0.16804721030042918
16 0.5284313725490196 0.8753218884120171 0.005294117647058913 0.06824034334763951
16 0.4866764705882353 0.8102360515021461 0.0029411764705882353 0.032618025751072935
16 0.4523137254901961 0.7896351931330473 0.0024509803921568627 0.022746781115879754
1 0.10349019607843138 0.7433047210300429 0.20698039215686276 0.5133905579399142
0 0.4315686274509804 0.791824034334764 0.029803921568627427 0.03755364806866953
1 0.29892156862745095 0.824881974248927 0.07003921568627451 0.16804721030042918
16 0.5284313725490196 0.8753218884120171 0.005294117647058913 0.06824034334763951
