0 0.2319558823529412 0.8582832618025751 0.08959803921568629 0.13948497854077252
0 0.1092892156862745 0.7582188841201717 0.06536274509803922 0.07806866952789698
3 0.32575490196078427 0.71887339055794 0.048372549019607816 0.13027896995708163
1 0.44116666666666665 0.7783047210300429 0.22594117647058828 0.44339055793991416
3 0.29655882352941176 0.7484871244635194 0.07537254901960784 0.14834763948497853
0 0.2319558823529412 0.8582832618025751 0.08959803921568629 0.13948497854077252
0 0.1092892156862745 0.7582188841201717 0.06536274509803922 0.07806866952789698
3 0.32575490196078427 0.71887339055794 0.048372549019607816 0.13027896995708163
1 0.44116666666666665 0.7783047210300429 0.22594117647058828 0.44339055793991416
3 0.29655882352941176 0.7484871244635194 0.07537254901960784 0.14834763948497853
