0 0.09265686274509803 0.4689361702127659 0.045196078431372556 0.050212765957446795
0 0.2962205882352941 0.4754042553191489 0.036382352941176484 0.05251063829787236
3 0.1821078431372549 0.4029787234042553 0.02696078431372549 0.03744680851063829
7 0.4115392156862745 0.36986170212765956 0.038019607843137286 0.05559574468085105
0 0.3675392156862745 0.44292553191489364 0.01801960784313725 0.03176595744680846
0 0.09265686274509803 0.4689361702127659 0.045196078431372556 0.050212765957446795
0 0.2962205882352941 0.4754042553191489 0.036382352941176484 0.05251063829787236
3 0.1821078431372549 0.4029787234042553 0.02696078431372549 0.03744680851063829
7 0.4115392156862745 0.36986170212765956 0.038019607843137286 0.05559574468085105
0 0.3675392156862745 0.44292553191489364 0.01801960784313725 0.03176595744680846
