0 0.36015686274509806 0.7221781115879827 0.022039215686274528 0.03624463519313314
0 0.18544117647058825 0.748519313304721 0.038529411764705895 0.04982832618025757
0 0.13459803921568628 0.7589055793991416 0.05196078431372548 0.06888412017167375
0 0.21648529411764705 0.7375 0.027029411764705875 0.040236051502145924
18 0.42146078431372547 0.1544527896995708 0.02984313725490196 0.12744635193133047
3 0.2981372549019608 0.7419527896995708 0.09235294117647058 0.20450643776824023
18 0.5892647058823529 0.7173819742489269 0.03245098039215689 0.13261802575107298
10 0.5876470588235295 0.6157725321888412 0.03588235294117649 0.07274678111587977
1 0.4414754901960784 0.7944206008583691 0.14999019607843134 0.41115879828326185
18 0.2539656862745098 0.14974248927038628 0.028421568627450988 0.1402575107296137
0 0.060588235294117644 0.7810085836909872 0.06372549019607843 0.0894849785407725
0 0.36015686274509806 0.7221781115879827 0.022039215686274528 0.03624463519313314
0 0.18544117647058825 0.748519313304721 0.038529411764705895 0.04982832618025757
0 0.13459803921568628 0.7589055793991416 0.05196078431372548 0.06888412017167375
0 0.21648529411764705 0.7375 0.027029411764705875 0.040236051502145924
18 0.42146078431372547 0.1544527896995708 0.02984313725490196 0.12744635193133047
3 0.2981372549019608 0.7419527896995708 0.09235294117647058 0.20450643776824023
18 0.5892647058823529 0.7173819742489269 0.03245098039215689 0.13261802575107298
10 0.5876470588235295 0.6157725321888412 0.03588235294117649 0.07274678111587977
1 0.4414754901960784 0.7944206008583691 0.14999019607843134 0.41115879828326185
18 0.2539656862745098 0.14974248927038628 0.028421568627450988 0.1402575107296137
0 0.060588235294117644 0.7810085836909872 0.06372549019607843 0.0894849785407725
