1 0.49514705882352944 0.7733154506437768 0.2726470588235294 0.45336909871244635
3 0.21702450980392157 0.7920064377682404 0.20004901960784313 0.3732832618025751
20 0.41715686274509806 0.37660944206008584 0.0196078431372549 0.0815450643776824
0 0.3018088235294118 0.8106223175965666 0.054127450980392136 0.10944206008583691
20 0.32175 0.3799463519313305 0.01938235294117645 0.07748927038626613
1 0.49514705882352944 0.7733154506437768 0.2726470588235294 0.45336909871244635
3 0.21702450980392157 0.7920064377682404 0.20004901960784313 0.3732832618025751
20 0.41715686274509806 0.37660944206008584 0.0196078431372549 0.0815450643776824
0 0.3018088235294118 0.8106223175965666 0.054127450980392136 0.10944206008583691
20 0.32175 0.3799463519313305 0.01938235294117645 0.07748927038626613
