2 0.3424288617886179 0.4969543147208122 0.026727642276422776 0.06142131979695436
1 0.5925813008130082 0.13781725888324875 0.26544715447154477 0.15786802030456853
1 0.2763719512195122 0.517994923857868 0.05091463414634146 0.1050253807106599
9 0.40395325203252036 0.43852791878172587 0.010060975609756075 0.026395939086294357
1 0.22082317073170732 0.4466624365482234 0.030873983739837393 0.0806345177664975
7 0.3632876016260163 0.3534263959390863 0.024095528455284534 0.05989847715736043
0 0.28540650406504064 0.43725888324873097 0.009146341463414634 0.02233502538071069
7 0.5792632113821138 0.38888324873096447 0.09818089430894299 0.19304568527918783
2 0.3424288617886179 0.4969543147208122 0.026727642276422776 0.06142131979695436
1 0.5925813008130082 0.13781725888324875 0.26544715447154477 0.15786802030456853
1 0.2763719512195122 0.517994923857868 0.05091463414634146 0.1050253807106599
9 0.40395325203252036 0.43852791878172587 0.010060975609756075 0.026395939086294357
1 0.22082317073170732 0.4466624365482234 0.030873983739837393 0.0806345177664975
7 0.3632876016260163 0.3534263959390863 0.024095528455284534 0.05989847715736043
0 0.28540650406504064 0.43725888324873097 0.009146341463414634 0.02233502538071069
7 0.5792632113821138 0.38888324873096447 0.09818089430894299 0.19304568527918783
