1 0.04845020325203252 0.47510152284263957 0.09690040650406503 0.11172588832487305
7 0.2602032520325203 0.26890862944162436 0.06321138211382113 0.07345177664974618
7 0.32158536585365854 0.23845177664974618 0.05926829268292688 0.13121827411167514
7 0.3823170731707317 0.2430203045685279 0.06056910569105693 0.12360406091370556
1 0.37898882113821136 0.4790355329949239 0.03222560975609754 0.07461928934010154
2 0.40996951219512195 0.47449238578680203 0.027439024390243903 0.04923857868020306
1 0.04845020325203252 0.47510152284263957 0.09690040650406503 0.11172588832487305
7 0.2602032520325203 0.26890862944162436 0.06321138211382113 0.07345177664974618
7 0.32158536585365854 0.23845177664974618 0.05926829268292688 0.13121827411167514
7 0.3823170731707317 0.2430203045685279 0.06056910569105693 0.12360406091370556
1 0.37898882113821136 0.4790355329949239 0.03222560975609754 0.07461928934010154
2 0.40996951219512195 0.47449238578680203 0.027439024390243903 0.04923857868020306
