15 0.9846470588235293 0.35417021276595745 0.030705882352941225 0.026978723404255334
6 0.5879313725490196 0.34202127659574466 0.02935294117647053 0.06727659574468087
6 0.021029411764705883 0.3407659574468085 0.03505882352941176 0.06851063829787232
15 0.904607843137255 0.3829787234042553 0.05784313725490196 0.03148936170212768
0 0.6585588235294118 0.34210638297872337 0.040431372549019615 0.03404255319148936
15 0.8456862745098038 0.4112340425531915 0.04450980392156861 0.09838297872340428
15 0.8029313725490196 0.4191914893617021 0.10158823529411765 0.1682978723404255
3 0.29601470588235296 0.3740106382978724 0.09855882352941177 0.18304255319148938
7 0.8503725490196078 0.48629787234042554 0.2000980392156862 0.14714893617021277
15 0.9846470588235293 0.35417021276595745 0.030705882352941225 0.026978723404255334
6 0.5879313725490196 0.34202127659574466 0.02935294117647053 0.06727659574468087
6 0.021029411764705883 0.3407659574468085 0.03505882352941176 0.06851063829787232
15 0.904607843137255 0.3829787234042553 0.05784313725490196 0.03148936170212768
0 0.6585588235294118 0.34210638297872337 0.040431372549019615 0.03404255319148936
15 0.8456862745098038 0.4112340425531915 0.04450980392156861 0.09838297872340428
15 0.8029313725490196 0.4191914893617021 0.10158823529411765 0.1682978723404255
3 0.29601470588235296 0.3740106382978724 0.09855882352941177 0.18304255319148938
7 0.8503725490196078 0.48629787234042554 0.2000980392156862 0.14714893617021277
