1 0.03737296747967479 0.5091370558375635 0.07474593495934959 0.16091370558375637
0 0.5211077235772358 0.5029695431472082 0.019857723577235736 0.03436548223350252
0 0.46231199186991867 0.5342639593908629 0.04047764227642275 0.07969543147208116
16 0.7361483739837398 0.6245939086294416 0.005711382113821143 0.11842639593908635
0 0.16944613821138213 0.5193020304568529 0.03765243902439023 0.0507868020304569
2 0.47186991869918704 0.48642131979695435 0.015040650406504076 0.02284263959390863
1 0.4399085365853659 0.4762690355329949 0.037906504065040605 0.037055837563451766
0 0.483704268292683 0.6699238578680202 0.1021239837398374 0.16928934010152288
1 0.24656504065040652 0.46859137055837563 0.031422764227642265 0.04038071065989854
6 0.2969918699186992 0.4519670050761421 0.01835365853658537 0.055355329949238585
1 0.5493597560975609 0.4706852791878172 0.04806910569105698 0.04619289340101527
0 0.26208333333333333 0.5038451776649746 0.030508130081300794 0.03499999999999998
6 0.5904268292682927 0.4529187817258883 0.01849593495934964 0.05659898477157356
1 0.03737296747967479 0.5091370558375635 0.07474593495934959 0.16091370558375637
0 0.5211077235772358 0.5029695431472082 0.019857723577235736 0.03436548223350252
0 0.46231199186991867 0.5342639593908629 0.04047764227642275 0.07969543147208116
16 0.7361483739837398 0.6245939086294416 0.005711382113821143 0.11842639593908635
0 0.16944613821138213 0.5193020304568529 0.03765243902439023 0.0507868020304569
2 0.47186991869918704 0.48642131979695435 0.015040650406504076 0.02284263959390863
1 0.4399085365853659 0.4762690355329949 0.037906504065040605 0.037055837563451766
0 0.483704268292683 0.6699238578680202 0.1021239837398374 0.16928934010152288
1 0.24656504065040652 0.46859137055837563 0.031422764227642265 0.04038071065989854
6 0.2969918699186992 0.4519670050761421 0.01835365853658537 0.055355329949238585
1 0.5493597560975609 0.4706852791878172 0.04806910569105698 0.04619289340101527
0 0.26208333333333333 0.5038451776649746 0.030508130081300794 0.03499999999999998
6 0.5904268292682927 0.4529187817258883 0.01849593495934964 0.05659898477157356
