0 0.22428353658536584 0.496738578680203 0.02194105691056911 0.03291878172588832
0 0.2034552845528455 0.5030329949238579 0.02398373983739837 0.03708121827411171
0 0.019715447154471544 0.5178807106598985 0.03943089430894309 0.06931472081218275
7 0.3989075203252032 0.07576142131979696 0.13165650406504067 0.15152284263959392
1 0.3556402439024391 0.4692893401015228 0.03932926829268291 0.05177664974619291
0 0.08448170731707316 0.5229695431472081 0.041199186991869925 0.053045685279187835
0 0.39537601626016255 0.5848984771573604 0.05965447154471543 0.10380710659898479
7 0.5601067073170731 0.07596446700507614 0.17133130081300815 0.1484263959390863
7 0.4898018292682927 0.448743654822335 0.031229674796747927 0.04769035532994922
0 0.11338922764227642 0.5055837563451776 0.028607723577235778 0.04568527918781726
0 0.38785569105691053 0.5142131979695431 0.029776422764227654 0.06294416243654825
0 0.41498983739837403 0.4930203045685279 0.01615853658536589 0.028172588832487366
0 0.22428353658536584 0.496738578680203 0.02194105691056911 0.03291878172588832
0 0.2034552845528455 0.5030329949238579 0.02398373983739837 0.03708121827411171
0 0.019715447154471544 0.5178807106598985 0.03943089430894309 0.06931472081218275
7 0.3989075203252032 0.07576142131979696 0.13165650406504067 0.15152284263959392
1 0.3556402439024391 0.4692893401015228 0.03932926829268291 0.05177664974619291
0 0.08448170731707316 0.5229695431472081 0.041199186991869925 0.053045685279187835
0 0.39537601626016255 0.5848984771573604 0.05965447154471543 0.10380710659898479
7 0.5601067073170731 0.07596446700507614 0.17133130081300815 0.1484263959390863
7 0.4898018292682927 0.448743654822335 0.031229674796747927 0.04769035532994922
0 0.11338922764227642 0.5055837563451776 0.028607723577235778 0.04568527918781726
0 0.38785569105691053 0.5142131979695431 0.029776422764227654 0.06294416243654825
0 0.41498983739837403 0.4930203045685279 0.01615853658536589 0.028172588832487366
