3 0.0957156862745098 0.4207446808510638 0.02147058823529411 0.04425531914893619
0 0.24980392156862746 0.45220212765957446 0.021568627450980392 0.04197872340425536
0 0.38598039215686275 0.4687127659574468 0.03823529411764706 0.04768085106382978
1 0.9867745098039216 0.5489148936170213 0.026450980392156882 0.22131914893617025
1 0.0201421568627451 0.45780851063829786 0.0402843137254902 0.0797872340425532
0 0.10169607843137254 0.44309574468085106 0.016137254901960777 0.026617021276595727
0 0.2118578431372549 0.5172978723404256 0.051833333333333335 0.08068085106382976
8 0.4823235294117647 0.42014893617021276 0.017313725490196104 0.037574468085106436
8 0.14994607843137253 0.4182446808510638 0.016578431372549017 0.03606382978723408
5 0.49327941176470586 0.4379787234042553 0.01167647058823532 0.022340425531914895
0 0.1346078431372549 0.447531914893617 0.015960784313725492 0.024000000000000004
1 0.32178921568627455 0.42446808510638295 0.03779411764705883 0.07744680851063825
3 0.0957156862745098 0.4207446808510638 0.02147058823529411 0.04425531914893619
0 0.24980392156862746 0.45220212765957446 0.021568627450980392 0.04197872340425536
0 0.38598039215686275 0.4687127659574468 0.03823529411764706 0.04768085106382978
1 0.9867745098039216 0.5489148936170213 0.026450980392156882 0.22131914893617025
1 0.0201421568627451 0.45780851063829786 0.0402843137254902 0.0797872340425532
0 0.10169607843137254 0.44309574468085106 0.016137254901960777 0.026617021276595727
0 0.2118578431372549 0.5172978723404256 0.051833333333333335 0.08068085106382976
8 0.4823235294117647 0.42014893617021276 0.017313725490196104 0.037574468085106436
8 0.14994607843137253 0.4182446808510638 0.016578431372549017 0.03606382978723408
5 0.49327941176470586 0.4379787234042553 0.01167647058823532 0.022340425531914895
0 0.1346078431372549 0.447531914893617 0.015960784313725492 0.024000000000000004
1 0.32178921568627455 0.42446808510638295 0.03779411764705883 0.07744680851063825
