0 0.288155487804878 0.5312309644670051 0.10234756097560974 0.09911167512690358
20 0.5333333333333333 0.37639593908629443 0.010569105691056888 0.0720812182741117
20 0.2427439024390244 0.16083756345177663 0.018577235772357724 0.08999999999999998
7 0.46013211382113817 0.16271573604060913 0.055792682926829304 0.030203045685279203
1 0.7940294715447155 0.4893401015228427 0.4108231707317073 0.2817258883248731
0 0.8304623983739837 0.5243020304568528 0.10124999999999999 0.08967005076142136
0 0.5071849593495935 0.525241116751269 0.08105691056910574 0.07606598984771573
0 0.4920325203252033 0.519263959390863 0.0671747967479675 0.06710659898477157
1 0.08669715447154472 0.48979695431472087 0.17339430894308944 0.2793908629441625
20 0.35541666666666666 0.15888324873096446 0.018434959349593483 0.09208121827411166
0 0.19154471544715448 0.5203934010152285 0.07493902439024389 0.06860406091370559
2 0.8043445121951218 0.5130329949238579 0.09157520325203253 0.08642131979695428
0 0.5262296747967479 0.5396700507614213 0.08595528455284557 0.06786802030456855
0 0.288155487804878 0.5312309644670051 0.10234756097560974 0.09911167512690358
20 0.5333333333333333 0.37639593908629443 0.010569105691056888 0.0720812182741117
20 0.2427439024390244 0.16083756345177663 0.018577235772357724 0.08999999999999998
7 0.46013211382113817 0.16271573604060913 0.055792682926829304 0.030203045685279203
1 0.7940294715447155 0.4893401015228427 0.4108231707317073 0.2817258883248731
0 0.8304623983739837 0.5243020304568528 0.10124999999999999 0.08967005076142136
0 0.5071849593495935 0.525241116751269 0.08105691056910574 0.07606598984771573
0 0.4920325203252033 0.519263959390863 0.0671747967479675 0.06710659898477157
1 0.08669715447154472 0.48979695431472087 0.17339430894308944 0.2793908629441625
20 0.35541666666666666 0.15888324873096446 0.018434959349593483 0.09208121827411166
0 0.19154471544715448 0.5203934010152285 0.07493902439024389 0.06860406091370559
2 0.8043445121951218 0.5130329949238579 0.09157520325203253 0.08642131979695428
0 0.5262296747967479 0.5396700507614213 0.08595528455284557 0.06786802030456855
