7 0.6957367886178862 0.4565609137055837 0.04157520325203249 0.04850253807106595
7 0.703155487804878 0.4618527918781726 0.0467581300813008 0.022741116751268983
6 0.8755030487804878 0.40409898477157363 0.054014227642276515 0.1564213197969543
6 0.05219512195121951 0.4001903553299493 0.043821138211382116 0.13997461928934013
1 0.5417784552845528 0.45114213197969544 0.044105691056910486 0.056598984771573636
1 0.5677388211382114 0.4563451776649746 0.026514227642276456 0.0375634517766497
1 0.48364837398373983 0.44581218274111667 0.05304878048780487 0.06827411167512691
1 0.3251626016260163 0.4457233502538071 0.08745934959349594 0.11144670050761421
1 0.626280487804878 0.4493908629441624 0.026951219512195104 0.039898477157360404
1 0.053592479674796745 0.44973350253807104 0.10718495934959349 0.21068527918781724
1 0.3848170731707317 0.44805837563451784 0.0741869918699187 0.10129441624365482
7 0.6957367886178862 0.4565609137055837 0.04157520325203249 0.04850253807106595
7 0.703155487804878 0.4618527918781726 0.0467581300813008 0.022741116751268983
6 0.8755030487804878 0.40409898477157363 0.054014227642276515 0.1564213197969543
6 0.05219512195121951 0.4001903553299493 0.043821138211382116 0.13997461928934013
1 0.5417784552845528 0.45114213197969544 0.044105691056910486 0.056598984771573636
1 0.5677388211382114 0.4563451776649746 0.026514227642276456 0.0375634517766497
1 0.48364837398373983 0.44581218274111667 0.05304878048780487 0.06827411167512691
1 0.3251626016260163 0.4457233502538071 0.08745934959349594 0.11144670050761421
1 0.626280487804878 0.4493908629441624 0.026951219512195104 0.039898477157360404
1 0.053592479674796745 0.44973350253807104 0.10718495934959349 0.21068527918781724
1 0.3848170731707317 0.44805837563451784 0.0741869918699187 0.10129441624365482
