1 0.5700914634146341 0.4473350253807107 0.03414634146341466 0.03299492385786802
16 0.546189024390244 0.5857994923857868 0.003983739837398332 0.1103807106598985
0 0.2847408536585366 0.6083248730964467 0.09799796747967478 0.18213197969543146
0 0.12928353658536584 0.9350253807106599 0.026920731707317083 0.05197969543147198
1 0.23285060975609756 0.4531472081218274 0.19996951219512193 0.300253807106599
1 0.48317581300813006 0.4457360406091371 0.03466463414634148 0.043553299492385775
1 0.0696290650406504 0.4782360406091371 0.1392581300813008 0.4888578680203046
16 0.4565904471544715 0.49970812182741114 0.0022662601626015867 0.0498223350253807
0 0.09855182926829267 0.945748730964467 0.04066056910569106 0.07246192893401003
0 0.07926321138211383 0.8188071065989848 0.15852642276422765 0.3623857868020305
0 0.322510162601626 0.5815482233502538 0.06534552845528456 0.1318781725888325
2 0.39298780487804885 0.4714086294416244 0.04186991869918698 0.06835025380710655
16 0.702535569105691 0.8765862944162437 0.008892276422764227 0.2468274111675127
0 0.17952235772357725 0.6952411167512689 0.17056910569105688 0.25053299492385783
0 0.3401626016260163 0.5609517766497462 0.05973577235772361 0.10880710659898471
