7 0.15423272357723575 0.4013832487309644 0.02425813008130079 0.09063451776649749
7 0.9492886178861789 0.4577918781725888 0.10142276422764224 0.09406091370558377
7 0.6065142276422764 0.44195431472081215 0.06827235772357719 0.07852791878172588
16 0.9876219512195121 0.8596827411167514 0.009105691056910491 0.28063451776649745
16 0.5198069105691057 0.5326395939086295 0.0032520325203252497 0.05279187817258879
1 0.4029268292682927 0.4381979695431472 0.024999999999999967 0.05456852791878172
1 0.23333333333333334 0.4442893401015229 0.07235772357723576 0.07487309644670051
1 0.3522357723577236 0.4384517766497462 0.04329268292682923 0.06725888324873096
7 0.15423272357723575 0.4013832487309644 0.02425813008130079 0.09063451776649749
7 0.9492886178861789 0.4577918781725888 0.10142276422764224 0.09406091370558377
7 0.6065142276422764 0.44195431472081215 0.06827235772357719 0.07852791878172588
16 0.9876219512195121 0.8596827411167514 0.009105691056910491 0.28063451776649745
16 0.5198069105691057 0.5326395939086295 0.0032520325203252497 0.05279187817258879
1 0.4029268292682927 0.4381979695431472 0.024999999999999967 0.05456852791878172
1 0.23333333333333334 0.4442893401015229 0.07235772357723576 0.07487309644670051
1 0.3522357723577236 0.4384517766497462 0.04329268292682923 0.06725888324873096
