0 0.2866565040650407 0.5466497461928934 0.02815040650406503 0.04416243654822336
4 0.26427845528455285 0.4002030456852792 0.04004065040650407 0.0654822335025381
3 0.46465955284552846 0.5451269035532995 0.16287601626016265 0.34050761421319803
1 0.23328252032520327 0.5299238578680203 0.03526422764227644 0.07923857868020304
1 0.13806910569105693 0.5082741116751269 0.02121951219512196 0.06974619289340099
0 0.2866565040650407 0.5466497461928934 0.02815040650406503 0.04416243654822336
4 0.26427845528455285 0.4002030456852792 0.04004065040650407 0.0654822335025381
3 0.46465955284552846 0.5451269035532995 0.16287601626016265 0.34050761421319803
1 0.23328252032520327 0.5299238578680203 0.03526422764227644 0.07923857868020304
1 0.13806910569105693 0.5082741116751269 0.02121951219512196 0.06974619289340099
