0 0.3491377551020408 0.4800129533678757 0.05066326530612248 0.045103626943005175
0 0.2942908163265306 0.43805699481865285 0.027806122448979592 0.05678756476683942
18 0.3121581632653061 0.2638730569948186 0.005295918367346937 0.03038860103626944
18 0.3476734693877551 0.26227979274611396 0.00504081632653061 0.03036269430051813
0 0.3433163265306122 0.6005181347150259 0.1033265306122449 0.2063212435233161
1 0.352719387755102 0.39391191709844564 0.026295918367346977 0.07917098445595855
0 0.35 0.447318652849741 0.030285714285714235 0.018419689119170947
0 0.3491377551020408 0.4800129533678757 0.05066326530612248 0.045103626943005175
0 0.2942908163265306 0.43805699481865285 0.027806122448979592 0.05678756476683942
18 0.3121581632653061 0.2638730569948186 0.005295918367346937 0.03038860103626944
18 0.3476734693877551 0.26227979274611396 0.00504081632653061 0.03036269430051813
0 0.3433163265306122 0.6005181347150259 0.1033265306122449 0.2063212435233161
1 0.352719387755102 0.39391191709844564 0.026295918367346977 0.07917098445595855
0 0.35 0.447318652849741 0.030285714285714235 0.018419689119170947
