0 0.2465548780487805 0.48902284263959395 0.024004065040650384 0.04880710659898475
1 0.42007113821138214 0.4723477157360407 0.07073170731707314 0.18819796954314721
1 0.3385416666666667 0.5112309644670051 0.05830284552845529 0.13814720812182735
0 0.5181961382113821 0.6130837563451776 0.09935975609756095 0.14880710659898477
0 0.17884654471544717 0.502246192893401 0.025091463414634172 0.04307106598984771
0 0.07279471544715446 0.5266751269035532 0.05934959349593496 0.09578680203045688
0 0.1568089430894309 0.5403807106598985 0.05416666666666665 0.07802030456852795
0 0.2465548780487805 0.48902284263959395 0.024004065040650384 0.04880710659898475
1 0.42007113821138214 0.4723477157360407 0.07073170731707314 0.18819796954314721
1 0.3385416666666667 0.5112309644670051 0.05830284552845529 0.13814720812182735
0 0.5181961382113821 0.6130837563451776 0.09935975609756095 0.14880710659898477
0 0.17884654471544717 0.502246192893401 0.025091463414634172 0.04307106598984771
0 0.07279471544715446 0.5266751269035532 0.05934959349593496 0.09578680203045688
0 0.1568089430894309 0.5403807106598985 0.05416666666666665 0.07802030456852795
