0 0.6282520325203252 0.5408629441624366 0.05813008130081294 0.09289340101522842
9 0.8547560975609755 0.41461928934010156 0.010569105691056888 0.02944162436548222
0 0.5304725609756098 0.48807106598984773 0.023201219512195104 0.049746192893401
0 0.2131859756097561 0.5123096446700508 0.040396341463414635 0.06269035532994921
0 0.030284552845528456 0.5343908629441625 0.06056910569105691 0.08705583756345173
0 0.30884654471544715 0.4899746192893401 0.024115853658536548 0.0423857868020305
0 0.3473170731707317 0.4875126903553299 0.02296747967479677 0.04035532994923859
1 0.25565548780487807 0.4608248730964467 0.06537601626016261 0.10880710659898478
1 0.4961077235772357 0.4630710659898477 0.04851626016260158 0.1489847715736041
0 0.6282520325203252 0.5408629441624366 0.05813008130081294 0.09289340101522842
9 0.8547560975609755 0.41461928934010156 0.010569105691056888 0.02944162436548222
0 0.5304725609756098 0.48807106598984773 0.023201219512195104 0.049746192893401
0 0.2131859756097561 0.5123096446700508 0.040396341463414635 0.06269035532994921
0 0.030284552845528456 0.5343908629441625 0.06056910569105691 0.08705583756345173
0 0.30884654471544715 0.4899746192893401 0.024115853658536548 0.0423857868020305
0 0.3473170731707317 0.4875126903553299 0.02296747967479677 0.04035532994923859
1 0.25565548780487807 0.4608248730964467 0.06537601626016261 0.10880710659898478
1 0.4961077235772357 0.4630710659898477 0.04851626016260158 0.1489847715736041
