16 0.6810975609756098 0.5609137055837563 0.004878048780487874 0.07868020304568528
2 0.5425965447154472 0.47366751269035534 0.01257113821138212 0.03454314720812186
0 0.11043699186991872 0.5186675126903554 0.043963414634146346 0.06017766497461931
0 0.453765243902439 0.5082741116751269 0.029867886178861776 0.07187817258883247
0 0.5310772357723577 0.4897842639593909 0.017174796747967458 0.04083756345177666
0 0.17315040650406505 0.5240609137055838 0.03845528455284553 0.05116751269035532
0 0.2854166666666667 0.5902791878172589 0.07205284552845528 0.1201522842639594
1 0.5595833333333333 0.46695431472081217 0.022764227642276515 0.05203045685279188
1 0.516910569105691 0.47899746192893405 0.037764227642276445 0.13159898477157358
0 0.14579268292682926 0.5143401015228427 0.03199186991869918 0.03934010152284264
0 0.5403760162601626 0.5591370558375635 0.05290650406504065 0.10000000000000002
1 0.10639227642276422 0.9000634517766497 0.030386178861788623 0.036269035532994834
16 0.23674288617886177 0.5574619289340101 0.005477642276422779 0.07817258883248726
0 0.3794207317073171 0.4874365482233503 0.017926829268292727 0.02984771573604066
16 0.0858028455284553 0.5662944162436548 0.00339430894308942 0.04730964467005073
0 0.398770325203252 0.5084644670050761 0.028882113821138228 0.06210659898477157
16 0.6810975609756098 0.5609137055837563 0.004878048780487874 0.07868020304568528
2 0.5425965447154472 0.47366751269035534 0.01257113821138212 0.03454314720812186
0 0.11043699186991872 0.5186675126903554 0.043963414634146346 0.06017766497461931
0 0.453765243902439 0.5082741116751269 0.029867886178861776 0.07187817258883247
0 0.5310772357723577 0.4897842639593909 0.017174796747967458 0.04083756345177666
0 0.17315040650406505 0.5240609137055838 0.03845528455284553 0.05116751269035532
0 0.2854166666666667 0.5902791878172589 0.07205284552845528 0.1201522842639594
1 0.5595833333333333 0.46695431472081217 0.022764227642276515 0.05203045685279188
1 0.516910569105691 0.47899746192893405 0.037764227642276445 0.13159898477157358
0 0.14579268292682926 0.5143401015228427 0.03199186991869918 0.03934010152284264
0 0.5403760162601626 0.5591370558375635 0.05290650406504065 0.10000000000000002
1 0.10639227642276422 0.9000634517766497 0.030386178861788623 0.036269035532994834
16 0.23674288617886177 0.5574619289340101 0.005477642276422779 0.07817258883248726
0 0.3794207317073171 0.4874365482233503 0.017926829268292727 0.02984771573604066
16 0.0858028455284553 0.5662944162436548 0.00339430894308942 0.04730964467005073
0 0.398770325203252 0.5084644670050761 0.028882113821138228 0.06210659898477157
