0 0.5054878048780488 0.5182741116751268 0.03048780487804878 0.05939086294416245
0 0.3636280487804878 0.5115482233502539 0.03615853658536589 0.06776649746192898
0 0.5555182926829269 0.49048223350253806 0.017886178861788525 0.030456852791878174
0 0.5898373983739837 0.599238578680203 0.09837398373983736 0.18071065989847712
1 0.3711585365853659 0.47290609137055833 0.05654471544715452 0.05545685279187816
1 0.07068089430894309 0.4720812182741117 0.14136178861788617 0.07309644670050765
1 0.4334806910569105 0.467005076142132 0.04289634146341462 0.05456852791878172
1 0.5169613821138211 0.47512690355329945 0.029979674796748026 0.08959390862944158
1 0.6161077235772358 0.46741116751269035 0.03719512195121942 0.04949238578680203
0 0.1574186991869919 0.690736040609137 0.15467479674796747 0.2479695431472081
0 0.43531504065040655 0.515736040609137 0.033028455284552845 0.07106598984771574
0 0.5054878048780488 0.5182741116751268 0.03048780487804878 0.05939086294416245
0 0.3636280487804878 0.5115482233502539 0.03615853658536589 0.06776649746192898
0 0.5555182926829269 0.49048223350253806 0.017886178861788525 0.030456852791878174
0 0.5898373983739837 0.599238578680203 0.09837398373983736 0.18071065989847712
1 0.3711585365853659 0.47290609137055833 0.05654471544715452 0.05545685279187816
1 0.07068089430894309 0.4720812182741117 0.14136178861788617 0.07309644670050765
1 0.4334806910569105 0.467005076142132 0.04289634146341462 0.05456852791878172
1 0.5169613821138211 0.47512690355329945 0.029979674796748026 0.08959390862944158
1 0.6161077235772358 0.46741116751269035 0.03719512195121942 0.04949238578680203
0 0.1574186991869919 0.690736040609137 0.15467479674796747 0.2479695431472081
0 0.43531504065040655 0.515736040609137 0.033028455284552845 0.07106598984771574
