0 0.4192733739837398 0.5373984771573604 0.02905487804878052 0.060786802030456895
0 0.31646341463414634 0.5254822335025381 0.019918699186991837 0.04238578680203043
1 0.16682926829268294 0.5016751269035533 0.04451219512195123 0.07279187817258885
0 0.3905182926829268 0.6672461928934009 0.10412601626016259 0.22032994923857868
1 0.39119410569105684 0.49880710659898475 0.027754065040650408 0.07639593908629447
1 0.499974593495935 0.5257868020304569 0.1013719512195122 0.2802030456852792
0 0.36116361788617884 0.530228426395939 0.023953252032520318 0.052842639593908614
7 0.3865752032520325 0.383020304568528 0.027540650406504087 0.07385786802030456
0 0.28814532520325203 0.558236040609137 0.03848577235772358 0.06682741116751272
0 0.4192733739837398 0.5373984771573604 0.02905487804878052 0.060786802030456895
0 0.31646341463414634 0.5254822335025381 0.019918699186991837 0.04238578680203043
1 0.16682926829268294 0.5016751269035533 0.04451219512195123 0.07279187817258885
0 0.3905182926829268 0.6672461928934009 0.10412601626016259 0.22032994923857868
1 0.39119410569105684 0.49880710659898475 0.027754065040650408 0.07639593908629447
1 0.499974593495935 0.5257868020304569 0.1013719512195122 0.2802030456852792
0 0.36116361788617884 0.530228426395939 0.023953252032520318 0.052842639593908614
7 0.3865752032520325 0.383020304568528 0.027540650406504087 0.07385786802030456
0 0.28814532520325203 0.558236040609137 0.03848577235772358 0.06682741116751272
