7 0.5665243902439024 0.4550634517766498 0.048699186991869876 0.04875634517766499
0 0.4061585365853658 0.5310786802030457 0.03674796747967482 0.06997461928934008
16 0.6824491869918698 0.573477157360406 0.005995934959349571 0.08705583756345173
9 0.47697154471544717 0.450761421319797 0.01971544715447158 0.044670050761421304
0 0.46978658536585366 0.5695685279187818 0.06955284552845528 0.1293908629441625
0 0.14503048780487807 0.5050761421319797 0.021341463414634148 0.03807106598984772
0 0.35943089430894304 0.4994670050761421 0.01798780487804877 0.03502538071065993
0 0.32203252032520324 0.4994670050761421 0.0169715447154472 0.03807106598984772
0 0.32958333333333334 0.5291243654822335 0.031178861788617836 0.05718274111675127
7 0.5665243902439024 0.4550634517766498 0.048699186991869876 0.04875634517766499
0 0.4061585365853658 0.5310786802030457 0.03674796747967482 0.06997461928934008
16 0.6824491869918698 0.573477157360406 0.005995934959349571 0.08705583756345173
9 0.47697154471544717 0.450761421319797 0.01971544715447158 0.044670050761421304
0 0.46978658536585366 0.5695685279187818 0.06955284552845528 0.1293908629441625
0 0.14503048780487807 0.5050761421319797 0.021341463414634148 0.03807106598984772
0 0.35943089430894304 0.4994670050761421 0.01798780487804877 0.03502538071065993
0 0.32203252032520324 0.4994670050761421 0.0169715447154472 0.03807106598984772
0 0.32958333333333334 0.5291243654822335 0.031178861788617836 0.05718274111675127
