1 0.032266260162601625 0.5406091370558376 0.040548780487804886 0.09492385786802025
1 0.32963414634146343 0.547741116751269 0.07032520325203251 0.11040609137055837
7 0.3009146341463415 0.3913451776649746 0.042560975609756094 0.10020304568527924
0 0.5120020325203252 0.6159390862944163 0.07341463414634142 0.11583756345177662
0 0.7591361788617886 0.8167131979695431 0.2985975609756097 0.3665736040609137
0 0.28002032520325204 0.5717005076142132 0.027439024390243903 0.05279187817258886
0 0.20935467479674796 0.5650253807106599 0.01911585365853659 0.0411167512690355
7 0.9130640243902439 0.42520304568527917 0.11608739837398376 0.24385786802030457
0 0.25083841463414636 0.5859390862944163 0.029197154471544706 0.054619289340101546
0 0.19054878048780488 0.5548223350253808 0.013617886178861765 0.02944162436548222
1 0.09978658536585365 0.532246192893401 0.016056910569105687 0.053274111675126856
1 0.032266260162601625 0.5406091370558376 0.040548780487804886 0.09492385786802025
1 0.32963414634146343 0.547741116751269 0.07032520325203251 0.11040609137055837
7 0.3009146341463415 0.3913451776649746 0.042560975609756094 0.10020304568527924
0 0.5120020325203252 0.6159390862944163 0.07341463414634142 0.11583756345177662
0 0.7591361788617886 0.8167131979695431 0.2985975609756097 0.3665736040609137
0 0.28002032520325204 0.5717005076142132 0.027439024390243903 0.05279187817258886
0 0.20935467479674796 0.5650253807106599 0.01911585365853659 0.0411167512690355
7 0.9130640243902439 0.42520304568527917 0.11608739837398376 0.24385786802030457
0 0.25083841463414636 0.5859390862944163 0.029197154471544706 0.054619289340101546
0 0.19054878048780488 0.5548223350253808 0.013617886178861765 0.02944162436548222
1 0.09978658536585365 0.532246192893401 0.016056910569105687 0.053274111675126856
