0 0.10727134146341465 0.5026269035532995 0.01933943089430893 0.03637055837563448
19 0.08123983739837398 0.18458121827411167 0.017337398373983744 0.08550761421319794
19 0.1767530487804878 0.19045685279187818 0.016758130081300792 0.08329949238578681
19 0.28286585365853656 0.38505076142131983 0.009146341463414634 0.06345177664974619
7 0.23794715447154471 0.19642131979695432 0.04918699186991868 0.02893401015228428
1 0.017733739837398375 0.7668781725888324 0.03546747967479675 0.466243654822335
0 0.7221747967479675 0.5631725888324872 0.15004065040650416 0.14050761421319793
0 0.8791819105691057 0.5798984771573604 0.1305386178861789 0.09172588832487313
0 0.07705284552845527 0.4939340101522843 0.013902439024390237 0.026294416243654785
0 0.018902439024390243 0.5071065989847716 0.026016260162601623 0.049746192893401
1 0.9741869918699188 0.5019162436548223 0.051626016260162555 0.24154822335025386
0 0.195 0.5117258883248731 0.034105691056910574 0.04507614213197967
0 0.5513414634146341 0.55001269035533 0.07270325203252029 0.08332487309644673
21 0.32537093495934954 0.9541497461928934 0.16342479674796748 0.09170050761421318
0 0.10727134146341465 0.5026269035532995 0.01933943089430893 0.03637055837563448
19 0.08123983739837398 0.18458121827411167 0.017337398373983744 0.08550761421319794
19 0.1767530487804878 0.19045685279187818 0.016758130081300792 0.08329949238578681
19 0.28286585365853656 0.38505076142131983 0.009146341463414634 0.06345177664974619
7 0.23794715447154471 0.19642131979695432 0.04918699186991868 0.02893401015228428
1 0.017733739837398375 0.7668781725888324 0.03546747967479675 0.466243654822335
0 0.7221747967479675 0.5631725888324872 0.15004065040650416 0.14050761421319793
0 0.8791819105691057 0.5798984771573604 0.1305386178861789 0.09172588832487313
0 0.07705284552845527 0.4939340101522843 0.013902439024390237 0.026294416243654785
0 0.018902439024390243 0.5071065989847716 0.026016260162601623 0.049746192893401
1 0.9741869918699188 0.5019162436548223 0.051626016260162555 0.24154822335025386
0 0.195 0.5117258883248731 0.034105691056910574 0.04507614213197967
0 0.5513414634146341 0.55001269035533 0.07270325203252029 0.08332487309644673
21 0.32537093495934954 0.9541497461928934 0.16342479674796748 0.09170050761421318
