20 0.3661382113821138 0.16895939086294418 0.01813008130081298 0.08796954314720813
20 0.26384654471544716 0.16756345177664975 0.018140243902439047 0.08873096446700508
20 0.48206300813008135 0.3791878172588833 0.009857723577235761 0.06649746192893398
20 0.1614329268292683 0.1653553299492386 0.018800813008130083 0.09010152284263961
7 0.43259146341463417 0.1734263959390863 0.05386178861788618 0.02944162436548222
0 0.7829725609756097 0.5631345177664975 0.07090447154471555 0.09012690355329947
2 0.8798983739837398 0.584010152284264 0.23215447154471539 0.19390862944162437
0 0.10273882113821138 0.7158629441624366 0.20547764227642276 0.5682741116751269
0 0.2704268292682927 0.5247081218274112 0.0335569105691057 0.043832487309644695
20 0.3661382113821138 0.16895939086294418 0.01813008130081298 0.08796954314720813
20 0.26384654471544716 0.16756345177664975 0.018140243902439047 0.08873096446700508
20 0.48206300813008135 0.3791878172588833 0.009857723577235761 0.06649746192893398
20 0.1614329268292683 0.1653553299492386 0.018800813008130083 0.09010152284263961
7 0.43259146341463417 0.1734263959390863 0.05386178861788618 0.02944162436548222
0 0.7829725609756097 0.5631345177664975 0.07090447154471555 0.09012690355329947
2 0.8798983739837398 0.584010152284264 0.23215447154471539 0.19390862944162437
0 0.10273882113821138 0.7158629441624366 0.20547764227642276 0.5682741116751269
0 0.2704268292682927 0.5247081218274112 0.0335569105691057 0.043832487309644695
