1 0.03249489795918367 0.32020725388601035 0.06498979591836734 0.27963730569948186
1 0.33627551020408164 0.2745466321243523 0.028673469387755127 0.055829015544041447
0 0.2920204081632653 0.3100259067357513 0.02281632653061226 0.04145077720207254
1 0.29051020408163264 0.2782901554404145 0.03510204081632651 0.07834196891191712
1 0.2212142857142857 0.28532383419689117 0.05389795918367346 0.11847150259067359
16 0.632265306122449 0.404559585492228 0.006285714285714369 0.08259067357512952
16 0.8386428571428571 0.5058549222797927 0.010755102040816289 0.14637305699481865
16 0.5507959183673469 0.3623445595854923 0.00595918367346942 0.058212435233160616
1 0.40804591836734694 0.27102331606217617 0.02052040816326532 0.03650259067357514
1 0.03249489795918367 0.32020725388601035 0.06498979591836734 0.27963730569948186
1 0.33627551020408164 0.2745466321243523 0.028673469387755127 0.055829015544041447
0 0.2920204081632653 0.3100259067357513 0.02281632653061226 0.04145077720207254
1 0.29051020408163264 0.2782901554404145 0.03510204081632651 0.07834196891191712
1 0.2212142857142857 0.28532383419689117 0.05389795918367346 0.11847150259067359
16 0.632265306122449 0.404559585492228 0.006285714285714369 0.08259067357512952
16 0.8386428571428571 0.5058549222797927 0.010755102040816289 0.14637305699481865
16 0.5507959183673469 0.3623445595854923 0.00595918367346942 0.058212435233160616
1 0.40804591836734694 0.27102331606217617 0.02052040816326532 0.03650259067357514
