18 0.41039795918367344 0.1631865284974093 0.010428571428571457 0.056010362694300514
21 0.29454081632653056 0.5816321243523316 0.02193877551020408 0.057512953367875694
1 0.8385 0.2934326424870466 0.1694285714285714 0.11867875647668391
0 0.42290816326530617 0.42300518134715026 0.03614285714285716 0.06269430051813468
0 0.4280969387755102 0.4625129533678756 0.04341836734693879 0.08963730569948192
0 0.43643877551020405 0.5005569948186529 0.05663265306122449 0.11847150259067363
0 0.45658163265306123 0.580181347150259 0.0933673469387755 0.19093264248704667
5 0.4660867346938775 0.2843005181347151 0.013336734693877543 0.026217616580310854
0 0.20350000000000001 0.339559585492228 0.043081632653061225 0.046787564766839346
18 0.46102040816326534 0.3256476683937824 0.007142857142857143 0.0450777202072539
0 0.33723979591836734 0.35199481865284976 0.037336734693877584 0.06181347150259071
18 0.3564234693877551 0.16321243523316062 0.010193877551020417 0.056476683937823846
1 0.4426581632653061 0.3391839378238342 0.05998979591836731 0.10064766839378236
18 0.41039795918367344 0.1631865284974093 0.010428571428571457 0.056010362694300514
21 0.29454081632653056 0.5816321243523316 0.02193877551020408 0.057512953367875694
1 0.8385 0.2934326424870466 0.1694285714285714 0.11867875647668391
0 0.42290816326530617 0.42300518134715026 0.03614285714285716 0.06269430051813468
0 0.4280969387755102 0.4625129533678756 0.04341836734693879 0.08963730569948192
0 0.43643877551020405 0.5005569948186529 0.05663265306122449 0.11847150259067363
0 0.45658163265306123 0.580181347150259 0.0933673469387755 0.19093264248704667
5 0.4660867346938775 0.2843005181347151 0.013336734693877543 0.026217616580310854
0 0.20350000000000001 0.339559585492228 0.043081632653061225 0.046787564766839346
18 0.46102040816326534 0.3256476683937824 0.007142857142857143 0.0450777202072539
0 0.33723979591836734 0.35199481865284976 0.037336734693877584 0.06181347150259071
18 0.3564234693877551 0.16321243523316062 0.010193877551020417 0.056476683937823846
1 0.4426581632653061 0.3391839378238342 0.05998979591836731 0.10064766839378236
