1 0.07184451219512195 0.6786802030456852 0.1436890243902439 0.6426395939086295
0 0.42059959349593495 0.5139340101522842 0.02412601626016261 0.039898477157360404
20 0.28783536585365854 0.03426395939086294 0.02632113821138215 0.06852791878172589
18 0.6059552845528455 0.034733502538071066 0.027825203252032516 0.06946700507614213
6 0.5904979674796748 0.4520304568527919 0.018597560975609825 0.0548223350253807
0 0.5433028455284553 0.5311294416243655 0.05140243902439023 0.06413705583756348
18 0.7939176829268292 0.33085025380710664 0.018668699186991874 0.11139593908629446
0 0.3822967479674797 0.5211928934010153 0.03825203252032519 0.0936548223350254
18 0.4448221544715447 0.03379441624365482 0.028201219512195123 0.06758883248730964
9 0.27971036585365855 0.45664974619289345 0.013607723577235758 0.03243654822335026
