1 0.36067581300813006 0.4979441624365482 0.021128048780487827 0.05730964467005072
0 0.011519308943089432 0.796269035532995 0.023038617886178864 0.26649746192893403
20 0.3615853658536585 0.38445431472081215 0.005731707317073157 0.028045685279187847
1 0.29129065040650404 0.47645939086294414 0.028719512195121942 0.07236040609137054
20 0.38990345528455284 0.3835152284263959 0.006189024390243877 0.029010152284263978
0 0.16304878048780488 0.5022081218274111 0.03353658536585366 0.030456852791878174
1 0.3158739837398374 0.4947335025380711 0.03174796747967481 0.07236040609137061
18 0.3321747967479675 0.38242385786802036 0.00489837398373983 0.029010152284263905
1 0.22382621951219514 0.5094162436548223 0.10771341463414635 0.1948730964467005
0 0.12363821138211382 0.9720431472081219 0.03502032520325201 0.055913705583756274
0 0.11988313008130082 0.6065482233502538 0.09179878048780488 0.1679187817258883
1 0.36067581300813006 0.4979441624365482 0.021128048780487827 0.05730964467005072
0 0.011519308943089432 0.796269035532995 0.023038617886178864 0.26649746192893403
20 0.3615853658536585 0.38445431472081215 0.005731707317073157 0.028045685279187847
1 0.29129065040650404 0.47645939086294414 0.028719512195121942 0.07236040609137054
20 0.38990345528455284 0.3835152284263959 0.006189024390243877 0.029010152284263978
0 0.16304878048780488 0.5022081218274111 0.03353658536585366 0.030456852791878174
1 0.3158739837398374 0.4947335025380711 0.03174796747967481 0.07236040609137061
18 0.3321747967479675 0.38242385786802036 0.00489837398373983 0.029010152284263905
1 0.22382621951219514 0.5094162436548223 0.10771341463414635 0.1948730964467005
0 0.12363821138211382 0.9720431472081219 0.03502032520325201 0.055913705583756274
0 0.11988313008130082 0.6065482233502538 0.09179878048780488 0.1679187817258883
