0 0.13507843137254902 0.4647872340425532 0.02984313725490196 0.036808510638297834
16 0.7016764705882353 0.6593723404255318 0.010019607843137282 0.1357234042553192
1 0.311078431372549 0.41297872340425534 0.0276470588235294 0.050212765957446795
1 0.24427450980392157 0.4200425531914894 0.04588235294117648 0.06153191489361699
21 0.39645588235294116 0.8716595744680852 0.06253921568627448 0.25668085106382976
7 0.3854313725490196 0.10865957446808511 0.11498039215686272 0.1913617021276596
0 0.23994117647058824 0.574095744680851 0.07521568627450984 0.11436170212765957
7 0.23423529411764707 0.10893617021276597 0.11494117647058824 0.19114893617021278
0 0.04709803921568628 0.4815531914893617 0.043843137254901965 0.046680851063829784
0 0.20045098039215684 0.44795744680851063 0.023019607843137245 0.030468085106382964
21 0.0705735294117647 0.8317872340425532 0.1411470588235294 0.20102127659574473
0 0.13507843137254902 0.4647872340425532 0.02984313725490196 0.036808510638297834
16 0.7016764705882353 0.6593723404255318 0.010019607843137282 0.1357234042553192
1 0.311078431372549 0.41297872340425534 0.0276470588235294 0.050212765957446795
1 0.24427450980392157 0.4200425531914894 0.04588235294117648 0.06153191489361699
21 0.39645588235294116 0.8716595744680852 0.06253921568627448 0.25668085106382976
7 0.3854313725490196 0.10865957446808511 0.11498039215686272 0.1913617021276596
0 0.23994117647058824 0.574095744680851 0.07521568627450984 0.11436170212765957
7 0.23423529411764707 0.10893617021276597 0.11494117647058824 0.19114893617021278
0 0.04709803921568628 0.4815531914893617 0.043843137254901965 0.046680851063829784
0 0.20045098039215684 0.44795744680851063 0.023019607843137245 0.030468085106382964
21 0.0705735294117647 0.8317872340425532 0.1411470588235294 0.20102127659574473
