0 0.029334349593495936 0.5432868020304569 0.05007113821138211 0.06728426395939084
1 0.3678963414634146 0.4877411167512691 0.016260162601626018 0.05355329949238577
1 0.15628048780487805 0.4956598984771574 0.025853658536585365 0.06604060913705587
14 0.46264227642276423 0.39557106598984776 0.023008130081300798 0.05667512690355333
14 0.9448932926829269 0.44163705583756346 0.07407520325203251 0.18388324873096443
0 0.07860264227642276 0.525228426395939 0.03639227642276423 0.06619289340101518
0 0.10643292682926829 0.5460659898477157 0.04182926829268292 0.059238578680203054
2 0.35440040650406507 0.5015355329949238 0.02079268292682925 0.04616751269035532
0 0.14568089430894307 0.5145685279187817 0.0230691056910569 0.040406091370558346
0 0.12597052845528456 0.5307994923857868 0.041351626016260176 0.07022842639593906
0 0.055228658536585366 0.5281218274111674 0.04574186991869918 0.0741116751269036
0 0.029334349593495936 0.5432868020304569 0.05007113821138211 0.06728426395939084
1 0.3678963414634146 0.4877411167512691 0.016260162601626018 0.05355329949238577
1 0.15628048780487805 0.4956598984771574 0.025853658536585365 0.06604060913705587
14 0.46264227642276423 0.39557106598984776 0.023008130081300798 0.05667512690355333
14 0.9448932926829269 0.44163705583756346 0.07407520325203251 0.18388324873096443
0 0.07860264227642276 0.525228426395939 0.03639227642276423 0.06619289340101518
0 0.10643292682926829 0.5460659898477157 0.04182926829268292 0.059238578680203054
2 0.35440040650406507 0.5015355329949238 0.02079268292682925 0.04616751269035532
0 0.14568089430894307 0.5145685279187817 0.0230691056910569 0.040406091370558346
0 0.12597052845528456 0.5307994923857868 0.041351626016260176 0.07022842639593906
0 0.055228658536585366 0.5281218274111674 0.04574186991869918 0.0741116751269036
