0 0.8257418699186991 0.6431345177664974 0.16575203252032522 0.21829949238578678
9 0.19120934959349592 0.46751269035532994 0.018638211382113825 0.03959390862944161
9 0.4817022357723577 0.46671319796954314 0.019319105691056902 0.04779187817258886
6 0.12612804878048778 0.45093908629441626 0.023434959349593484 0.06974619289340099
0 0.105625 0.5472081218274112 0.03935975609756098 0.07563451776649749
0 0.041874999999999996 0.5683883248730964 0.05568089430894308 0.08809644670050763
7 0.18542174796747965 0.017893401015228426 0.08139227642276423 0.03578680203045685
0 0.15314532520325203 0.5168147208121827 0.026636178861788627 0.0399746192893401
20 0.5176219512195122 0.3196446700507614 0.01516260162601622 0.10335025380710663
1 0.3488465447154471 0.5039086294416244 0.03362804878048778 0.09304568527918781
7 0.4508638211382114 0.014048223350253807 0.08475609756097564 0.028096446700507614
0 0.1348069105691057 0.9647842639593909 0.029979674796747968 0.06535532994923858
0 0.07958841463414634 0.5572842639593908 0.04610772357723577 0.07934010152284261
0 0.015746951219512195 0.5838071065989848 0.03149390243902439 0.10421319796954315
1 0.916280487804878 0.6016243654822335 0.16743902439024388 0.3951269035532995
0 0.6282012195121952 0.6230837563451777 0.18587398373983738 0.20002538071065984
