0 0.07771341463414634 0.5507868020304568 0.05215447154471544 0.09736040609137052
18 0.1915548780487805 0.1568020304568528 0.018211382113821124 0.07578680203045683
0 0.145614837398374 0.9567258883248733 0.014136178861788614 0.033502538071065964
0 0.23536585365853657 0.5088705583756346 0.020894308943089433 0.03459390862944161
0 0.1938770325203252 0.5223604060913706 0.02897357723577235 0.048680203045685294
1 0.1211280487804878 0.9579060913705583 0.04888211382113822 0.08418781725888329
0 0.655564024390244 0.5766878172588833 0.11183943089430902 0.12835025380710657
20 0.6640142276422764 0.18001269035533 0.04095528455284548 0.20560913705583758
18 0.47186483739837404 0.3686928934010152 0.012896341463414632 0.08652284263959392
14 0.4625711382113821 0.4641116751269036 0.014227642276422764 0.03375634517766493
7 0.427489837398374 0.15934010152284264 0.05715447154471546 0.030304568527918775
1 0.11444613821138211 0.4747715736040609 0.13188008130081302 0.13989847715736042
0 0.03580284552845528 0.8539974619289341 0.07160569105691056 0.292005076142132
0 0.13129573170731706 0.5418654822335025 0.03933943089430895 0.05921319796954311
0 0.03392276422764228 0.5621827411167513 0.06772357723577235 0.11370558375634521
0 0.5390243902439024 0.5625634517766498 0.12073170731707313 0.12512690355329953
1 0.758770325203252 0.5301142131979696 0.24178861788617895 0.2587055837563451
7 0.2500914634146341 0.1631218274111675 0.05436991869918696 0.030304568527918775
1 0.9340599593495935 0.5314213197969543 0.131880081300813 0.1953299492385787
6 0.1963160569105691 0.4550761421319797 0.017693089430894305 0.0532994923857868
2 0.38308434959349597 0.6176776649746193 0.12165650406504062 0.30185279187817254
0 0.10459857723577237 0.5493274111675127 0.04517276422764228 0.07500000000000002
18 0.2996595528455285 0.15965736040609138 0.017957317073170748 0.08779187817258884
0 0.16747459349593496 0.5310786802030457 0.03598577235772357 0.04901015228426397
0 0.023094512195121954 0.5339086294416244 0.04618902439024391 0.07588832487309646
14 0.23683943089430895 0.465507614213198 0.014227642276422764 0.033756345177665
0 0.055848577235772356 0.520748730964467 0.0396849593495935 0.06317258883248734
0 0.07771341463414634 0.5507868020304568 0.05215447154471544 0.09736040609137052
18 0.1915548780487805 0.1568020304568528 0.018211382113821124 0.07578680203045683
0 0.145614837398374 0.9567258883248733 0.014136178861788614 0.033502538071065964
0 0.23536585365853657 0.5088705583756346 0.020894308943089433 0.03459390862944161
0 0.1938770325203252 0.5223604060913706 0.02897357723577235 0.048680203045685294
1 0.1211280487804878 0.9579060913705583 0.04888211382113822 0.08418781725888329
0 0.655564024390244 0.5766878172588833 0.11183943089430902 0.12835025380710657
20 0.6640142276422764 0.18001269035533 0.04095528455284548 0.20560913705583758
18 0.47186483739837404 0.3686928934010152 0.012896341463414632 0.08652284263959392
14 0.4625711382113821 0.4641116751269036 0.014227642276422764 0.03375634517766493
7 0.427489837398374 0.15934010152284264 0.05715447154471546 0.030304568527918775
1 0.11444613821138211 0.4747715736040609 0.13188008130081302 0.13989847715736042
0 0.03580284552845528 0.8539974619289341 0.07160569105691056 0.292005076142132
0 0.13129573170731706 0.5418654822335025 0.03933943089430895 0.05921319796954311
0 0.03392276422764228 0.5621827411167513 0.06772357723577235 0.11370558375634521
0 0.5390243902439024 0.5625634517766498 0.12073170731707313 0.12512690355329953
1 0.758770325203252 0.5301142131979696 0.24178861788617895 0.2587055837563451
7 0.2500914634146341 0.1631218274111675 0.05436991869918696 0.030304568527918775
1 0.9340599593495935 0.5314213197969543 0.131880081300813 0.1953299492385787
6 0.1963160569105691 0.4550761421319797 0.017693089430894305 0.0532994923857868
2 0.38308434959349597 0.6176776649746193 0.12165650406504062 0.30185279187817254
0 0.10459857723577237 0.5493274111675127 0.04517276422764228 0.07500000000000002
18 0.2996595528455285 0.15965736040609138 0.017957317073170748 0.08779187817258884
0 0.16747459349593496 0.5310786802030457 0.03598577235772357 0.04901015228426397
0 0.023094512195121954 0.5339086294416244 0.04618902439024391 0.07588832487309646
14 0.23683943089430895 0.465507614213198 0.014227642276422764 0.033756345177665
0 0.055848577235772356 0.520748730964467 0.0396849593495935 0.06317258883248734
