0 0.289078431372549 0.47686170212765955 0.03105882352941177 0.047978723404255345
16 0.8870343137254901 0.6313191489361702 0.01177450980392156 0.14034042553191484
0 0.21216176470588236 0.4507978723404255 0.0233627450980392 0.031170212765957397
0 0.10700980392156861 0.4749255319148936 0.040666666666666657 0.04759574468085107
0 0.2229313725490196 0.4577446808510638 0.02335294117647061 0.037276595744680875
1 0.3568627450980392 0.4315 0.019529411764705844 0.052872340425531905
0 0.17382843137254902 0.4572234042553191 0.026754901960784307 0.04104255319148935
0 0.06813725490196078 0.724936170212766 0.13627450980392156 0.26646808510638287
0 0.31555392156862744 0.452 0.01857843137254901 0.030553191489361732
6 0.6047843137254902 0.4174893617021277 0.01788235294117648 0.032510638297872346
7 0.44930882352941176 0.43225531914893617 0.03430392156862746 0.018085106382978722
