0 0.2548831300813008 0.4110406091370558 0.02891260162601622 0.04121827411167508
1 0.05152439024390244 0.37812182741116757 0.03611788617886179 0.09228426395939082
9 0.4373170731707317 0.3455710659898477 0.01804878048780487 0.04540609137055838
0 0.25622459349593496 0.4811040609137056 0.07372967479674795 0.12256345177664972
1 0.02540650406504065 0.36751269035532996 0.0508130081300813 0.10406091370558379
1 0.09021341463414634 0.37121827411167513 0.057012195121951215 0.1195939086294416
0 0.2548831300813008 0.4110406091370558 0.02891260162601622 0.04121827411167508
1 0.05152439024390244 0.37812182741116757 0.03611788617886179 0.09228426395939082
9 0.4373170731707317 0.3455710659898477 0.01804878048780487 0.04540609137055838
0 0.25622459349593496 0.4811040609137056 0.07372967479674795 0.12256345177664972
1 0.02540650406504065 0.36751269035532996 0.0508130081300813 0.10406091370558379
1 0.09021341463414634 0.37121827411167513 0.057012195121951215 0.1195939086294416
