16 0.45836382113821134 0.4451015228426396 0.0037601626016260047 0.06888324873096444
0 0.09159552845528454 0.5810532994923858 0.14164634146341462 0.2239340101522843
1 0.17908536585365853 0.365761421319797 0.013841463414634152 0.043096446700507586
2 0.3066412601626016 0.4032614213197969 0.03220528455284553 0.06961928934010155
0 0.225630081300813 0.44355329949238576 0.04386178861788618 0.08248730964467005
0 0.2529979674796748 0.41059644670050766 0.02373983739837397 0.05170050761421321
16 0.45836382113821134 0.4451015228426396 0.0037601626016260047 0.06888324873096444
0 0.09159552845528454 0.5810532994923858 0.14164634146341462 0.2239340101522843
1 0.17908536585365853 0.365761421319797 0.013841463414634152 0.043096446700507586
2 0.3066412601626016 0.4032614213197969 0.03220528455284553 0.06961928934010155
0 0.225630081300813 0.44355329949238576 0.04386178861788618 0.08248730964467005
0 0.2529979674796748 0.41059644670050766 0.02373983739837397 0.05170050761421321
