3 0.5590882352941177 0.4417340425531915 0.11488235294117648 0.0919787234042553
18 0.3767254901960784 0.4250531914893617 0.0057647058823529366 0.021978723404255284
0 0.09880882352941175 0.5506702127659574 0.07277450980392157 0.10895744680851066
0 0.17605392156862745 0.5011170212765957 0.0482843137254902 0.06159574468085104
18 0.3356862745098039 0.28641489361702127 0.00784313725490196 0.0306595744680851
18 0.29620588235294115 0.28693617021276596 0.00784313725490196 0.03068085106382976
1 0.39786274509803926 0.43747872340425537 0.02788235294117647 0.053127659574468085
10 0.3773137254901961 0.3960744680851064 0.010705882352941192 0.022234042553191464
0 0.7234411764705884 0.47998936170212764 0.05605882352941172 0.05023404255319152
0 0.6560588235294118 0.4733404255319149 0.04592156862745101 0.042255319148936196
