7 0.6148882113821138 0.304010152284264 0.020020325203251962 0.03664974619289339
7 0.5883536585365854 0.31640862944162435 0.0287804878048781 0.045355329949238556
0 0.5158739837398374 0.35234771573604057 0.013475609756097552 0.02555837563451782
1 0.2544918699186992 0.3457233502538071 0.10544715447154474 0.09840101522842638
1 0.42047256097560975 0.3354060913705584 0.0470630081300813 0.06421319796954318
1 0.35744918699186995 0.33668781725888325 0.05798780487804878 0.07312182741116752
0 0.48334349593495934 0.3723730964467005 0.02044715447154472 0.04002538071065985
0 0.5313262195121952 0.3543781725888325 0.01649390243902441 0.02845177664974614
7 0.6148882113821138 0.304010152284264 0.020020325203251962 0.03664974619289339
7 0.5883536585365854 0.31640862944162435 0.0287804878048781 0.045355329949238556
0 0.5158739837398374 0.35234771573604057 0.013475609756097552 0.02555837563451782
1 0.2544918699186992 0.3457233502538071 0.10544715447154474 0.09840101522842638
1 0.42047256097560975 0.3354060913705584 0.0470630081300813 0.06421319796954318
1 0.35744918699186995 0.33668781725888325 0.05798780487804878 0.07312182741116752
0 0.48334349593495934 0.3723730964467005 0.02044715447154472 0.04002538071065985
0 0.5313262195121952 0.3543781725888325 0.01649390243902441 0.02845177664974614
