15 0.7016565040650408 0.4243908629441624 0.05339430894308951 0.06324873096446697
1 0.3335162601626016 0.3605329949238579 0.02032520325203252 0.05913705583756341
0 0.24372967479674795 0.3723350253807106 0.014430894308943107 0.026903553299492372
1 0.08830284552845528 0.36975888324873096 0.06367886178861788 0.12307106598984774
0 0.2805386178861789 0.39728426395939087 0.016361788617886203 0.036192893401015204
0 0.2921036585365854 0.3876903553299492 0.013313008130081324 0.030710659898477214
0 0.1867581300813008 0.37861675126903555 0.01636178861788617 0.028045685279187774
0 0.32137703252032523 0.39010152284263955 0.015376016260162597 0.034010152284263975
1 0.2266463414634146 0.35843908629441623 0.02560975609756099 0.06281725888324872
2 0.1393191056910569 0.3803299492385787 0.025426829268292678 0.050507614213197986
2 0.04963414634146341 0.3995812182741117 0.03650406504065041 0.05956852791878172
1 0.9133130081300813 0.3428934010152284 0.08821138211382121 0.04568527918781726
0 0.2988821138211382 0.41484771573604057 0.03130081300813009 0.05507614213197974
6 0.7013109756097561 0.31125634517766493 0.05339430894308939 0.16317258883248734
15 0.7016565040650408 0.4243908629441624 0.05339430894308951 0.06324873096446697
1 0.3335162601626016 0.3605329949238579 0.02032520325203252 0.05913705583756341
0 0.24372967479674795 0.3723350253807106 0.014430894308943107 0.026903553299492372
1 0.08830284552845528 0.36975888324873096 0.06367886178861788 0.12307106598984774
0 0.2805386178861789 0.39728426395939087 0.016361788617886203 0.036192893401015204
0 0.2921036585365854 0.3876903553299492 0.013313008130081324 0.030710659898477214
0 0.1867581300813008 0.37861675126903555 0.01636178861788617 0.028045685279187774
0 0.32137703252032523 0.39010152284263955 0.015376016260162597 0.034010152284263975
1 0.2266463414634146 0.35843908629441623 0.02560975609756099 0.06281725888324872
2 0.1393191056910569 0.3803299492385787 0.025426829268292678 0.050507614213197986
2 0.04963414634146341 0.3995812182741117 0.03650406504065041 0.05956852791878172
1 0.9133130081300813 0.3428934010152284 0.08821138211382121 0.04568527918781726
0 0.2988821138211382 0.41484771573604057 0.03130081300813009 0.05507614213197974
6 0.7013109756097561 0.31125634517766493 0.05339430894308939 0.16317258883248734
