0 0.22754065040650406 0.45058375634517767 0.047947154471544726 0.08842639593908623
1 0.31875 0.36062182741116744 0.017540650406504057 0.06388324873096443
7 0.41266260162601626 0.3369035532994924 0.0348170731707317 0.05756345177664977
2 0.20773882113821138 0.37100253807106603 0.01588414634146341 0.04291878172588832
0 0.1754268292682927 0.38947969543147204 0.01654471544715447 0.03098984771573606
9 0.646875 0.293515228426396 0.06423780487804882 0.15261421319796956
0 0.28354166666666664 0.392753807106599 0.01509146341463417 0.031345177664974605
0 0.2664735772357724 0.41237309644670056 0.025081300813008137 0.047182741116751276
0 0.3204065040650406 0.39765228426395943 0.016321138211382116 0.0290609137055838
1 0.06605182926829269 0.37100253807106603 0.1120630081300813 0.13428934010152282
0 0.22754065040650406 0.45058375634517767 0.047947154471544726 0.08842639593908623
1 0.31875 0.36062182741116744 0.017540650406504057 0.06388324873096443
7 0.41266260162601626 0.3369035532994924 0.0348170731707317 0.05756345177664977
2 0.20773882113821138 0.37100253807106603 0.01588414634146341 0.04291878172588832
0 0.1754268292682927 0.38947969543147204 0.01654471544715447 0.03098984771573606
9 0.646875 0.293515228426396 0.06423780487804882 0.15261421319796956
0 0.28354166666666664 0.392753807106599 0.01509146341463417 0.031345177664974605
0 0.2664735772357724 0.41237309644670056 0.025081300813008137 0.047182741116751276
0 0.3204065040650406 0.39765228426395943 0.016321138211382116 0.0290609137055838
1 0.06605182926829269 0.37100253807106603 0.1120630081300813 0.13428934010152282
