1 0.46568627450980393 0.34617021276595744 0.14274509803921565 0.0778723404255319
0 0.11637254901960785 0.5628723404255319 0.13372549019607843 0.1985106382978723
0 0.1769607843137255 0.4969148936170213 0.09862745098039218 0.1478723404255319
2 0.23625980392156862 0.41648936170212764 0.06944117647058821 0.13297872340425532
0 0.05495098039215686 0.6892553191489361 0.10990196078431372 0.30234042553191487
0 0.02676470588235294 0.4184042553191489 0.05352941176470588 0.07425531914893618
0 0.3400490196078432 0.35617021276595745 0.011078431372549031 0.02382978723404253
2 0.21220588235294116 0.4303085106382979 0.0869607843137255 0.1623191489361702
1 0.25725490196078427 0.3847446808510638 0.0637254901960784 0.13757446808510637
1 0.46568627450980393 0.34617021276595744 0.14274509803921565 0.0778723404255319
0 0.11637254901960785 0.5628723404255319 0.13372549019607843 0.1985106382978723
0 0.1769607843137255 0.4969148936170213 0.09862745098039218 0.1478723404255319
2 0.23625980392156862 0.41648936170212764 0.06944117647058821 0.13297872340425532
0 0.05495098039215686 0.6892553191489361 0.10990196078431372 0.30234042553191487
0 0.02676470588235294 0.4184042553191489 0.05352941176470588 0.07425531914893618
0 0.3400490196078432 0.35617021276595745 0.011078431372549031 0.02382978723404253
2 0.21220588235294116 0.4303085106382979 0.0869607843137255 0.1623191489361702
1 0.25725490196078427 0.3847446808510638 0.0637254901960784 0.13757446808510637
