0 0.10367857142857141 0.29718911917098445 0.018153061224489803 0.03878238341968911
5 0.4357857142857143 0.25047927461139896 0.00934693877551017 0.02054404145077722
8 0.2516530612244898 0.27585492227979275 0.009775510204081616 0.02735751295336788
8 0.43520408163265306 0.277720207253886 0.007959183673469341 0.024041450777202076
0 0.3961530612244898 0.4990414507772021 0.11116326530612244 0.22253886010362695
0 0.3726173469387755 0.4252720207253886 0.07525510204081633 0.147901554404145
0 0.3603112244897959 0.38145077720207254 0.05835714285714286 0.12207253886010364
0 0.31158163265306127 0.3108678756476684 0.026224489795918356 0.047176165803108794
0 0.12752551020408165 0.3368782383419689 0.04658163265306123 0.0769689119170984
5 0.25205102040816324 0.25080310880829015 0.008367346938775527 0.026839378238341968
3 0.35427551020408166 0.2915284974093264 0.06410204081632657 0.2190155440414508
