16 0.7436585365853658 0.508020304568528 0.007418699186991824 0.12208121827411166
1 0.31723069105691054 0.3602030456852792 0.03946138211382112 0.12934010152284267
1 0.4232317073170732 0.3797208121827412 0.09829268292682924 0.2585786802030457
6 0.8873983739837399 0.30761421319796955 0.056910569105691054 0.16395939086294414
0 0.14507113821138212 0.398984771573604 0.028353658536585342 0.050761421319796954
0 0.31799796747967474 0.46535532994923856 0.062296747967479686 0.1273604060913706
7 0.39751016260162597 0.19658629441624365 0.06371951219512194 0.10098984771573602
16 0.7436585365853658 0.508020304568528 0.007418699186991824 0.12208121827411166
1 0.31723069105691054 0.3602030456852792 0.03946138211382112 0.12934010152284267
1 0.4232317073170732 0.3797208121827412 0.09829268292682924 0.2585786802030457
6 0.8873983739837399 0.30761421319796955 0.056910569105691054 0.16395939086294414
0 0.14507113821138212 0.398984771573604 0.028353658536585342 0.050761421319796954
0 0.31799796747967474 0.46535532994923856 0.062296747967479686 0.1273604060913706
7 0.39751016260162597 0.19658629441624365 0.06371951219512194 0.10098984771573602
