1 0.32693089430894307 0.332741116751269 0.05121951219512193 0.13451776649746192
0 0.09954268292682927 0.3605329949238579 0.017784552845528455 0.030710659898477145
1 0.1445630081300813 0.33375634517766495 0.0230691056910569 0.07106598984771574
1 0.28994918699186994 0.3413705583756345 0.07603658536585368 0.2908629441624366
2 0.02352642276422764 0.3554568527918782 0.04542682926829269 0.09923857868020303
1 0.5040599593495935 0.351015228426396 0.2414532520325203 0.5568527918781726
1 0.32693089430894307 0.332741116751269 0.05121951219512193 0.13451776649746192
0 0.09954268292682927 0.3605329949238579 0.017784552845528455 0.030710659898477145
1 0.1445630081300813 0.33375634517766495 0.0230691056910569 0.07106598984771574
1 0.28994918699186994 0.3413705583756345 0.07603658536585368 0.2908629441624366
2 0.02352642276422764 0.3554568527918782 0.04542682926829269 0.09923857868020303
1 0.5040599593495935 0.351015228426396 0.2414532520325203 0.5568527918781726
