13 0.7336280487804878 0.3443527918781725 0.09199186991869916 0.15210659898477155
18 0.14795731707317072 0.23357868020304567 0.006097560975609756 0.03147208121827413
0 0.20172764227642276 0.42686548223350257 0.030894308943089407 0.05388324873096451
1 0.36606199186991867 0.5112944162436548 0.35305894308943087 0.9774111675126904
0 0.13840447154471544 0.39272842639593913 0.041788617886178867 0.049923857868020276
0 0.18317073170731707 0.4101269035532995 0.026544715447154477 0.04842639593908626
0 0.845035569105691 0.40017766497461926 0.059928861788617914 0.06979695431472081
0 0.010376016260162603 0.4085532994923858 0.020752032520325207 0.033248730964467066
13 0.7336280487804878 0.3443527918781725 0.09199186991869916 0.15210659898477155
18 0.14795731707317072 0.23357868020304567 0.006097560975609756 0.03147208121827413
0 0.20172764227642276 0.42686548223350257 0.030894308943089407 0.05388324873096451
1 0.36606199186991867 0.5112944162436548 0.35305894308943087 0.9774111675126904
0 0.13840447154471544 0.39272842639593913 0.041788617886178867 0.049923857868020276
0 0.18317073170731707 0.4101269035532995 0.026544715447154477 0.04842639593908626
0 0.845035569105691 0.40017766497461926 0.059928861788617914 0.06979695431472081
0 0.010376016260162603 0.4085532994923858 0.020752032520325207 0.033248730964467066
