0 0.870579268292683 0.3980964467005076 0.06426829268292684 0.06472081218274112
16 0.5271544715447155 0.5453553299492386 0.006727642276422769 0.10634517766497463
1 0.21609756097560975 0.4168781725888325 0.07105691056910568 0.15558375634517768
16 0.1701270325203252 0.4803553299492386 0.0040548780487804975 0.06416243654822336
16 0.1604928861788618 0.5659137055837563 0.006737804878048776 0.10634517766497456
1 0.32702235772357724 0.48402284263959394 0.18294715447154472 0.5629187817258884
7 0.2396138211382114 0.3109644670050762 0.035406504065040624 0.057766497461928946
13 0.7926067073170732 0.3370558375634518 0.10641260162601618 0.1731472081218274
18 0.14324695121951217 0.2314467005076142 0.0074085365853658455 0.03299492385786802
13 0.41273373983739836 0.3667639593908629 0.04424796747967476 0.06748730964467006
0 0.870579268292683 0.3980964467005076 0.06426829268292684 0.06472081218274112
16 0.5271544715447155 0.5453553299492386 0.006727642276422769 0.10634517766497463
1 0.21609756097560975 0.4168781725888325 0.07105691056910568 0.15558375634517768
16 0.1701270325203252 0.4803553299492386 0.0040548780487804975 0.06416243654822336
16 0.1604928861788618 0.5659137055837563 0.006737804878048776 0.10634517766497456
1 0.32702235772357724 0.48402284263959394 0.18294715447154472 0.5629187817258884
7 0.2396138211382114 0.3109644670050762 0.035406504065040624 0.057766497461928946
13 0.7926067073170732 0.3370558375634518 0.10641260162601618 0.1731472081218274
18 0.14324695121951217 0.2314467005076142 0.0074085365853658455 0.03299492385786802
13 0.41273373983739836 0.3667639593908629 0.04424796747967476 0.06748730964467006
