0 0.3416107723577236 0.6444162436548223 0.06675813008130081 0.1187817258883249
0 0.15313516260162602 0.5976142131979696 0.05647357723577235 0.0947208121827411
13 0.6761636178861788 0.49046954314720814 0.027571138211382108 0.08946700507614214
7 0.8709959349593496 0.4910152284263959 0.027764227642276474 0.09969543147208122
0 0.03063008130081301 0.6540609137055837 0.06126016260162602 0.18121827411167507
0 0.47190040650406506 0.5368020304568528 0.01554878048780489 0.026903553299492445
0 0.3441565040650406 0.7836928934010152 0.1259146341463415 0.2575888324873097
0 0.07230182926829269 0.6396954314720812 0.07102642276422765 0.11604060913705576
7 0.8726168699186991 0.38956852791878177 0.02942073170731712 0.10086294416243657
6 0.583119918699187 0.4963451776649746 0.018699186991869895 0.061167512690355384
7 0.8426371951219512 0.48986040609137055 0.029583333333333347 0.10276649746192895
0 0.39502540650406504 0.5489974619289341 0.023770325203252018 0.039365482233502516
1 0.3523526422764228 0.5593654822335025 0.05594512195121953 0.1493908629441624
0 0.10981199186991869 0.6116751269035533 0.07104674796747967 0.11269035532994919
7 0.843170731707317 0.386497461928934 0.029735772357723567 0.10010152284263958
0 0.3416107723577236 0.6444162436548223 0.06675813008130081 0.1187817258883249
0 0.15313516260162602 0.5976142131979696 0.05647357723577235 0.0947208121827411
13 0.6761636178861788 0.49046954314720814 0.027571138211382108 0.08946700507614214
7 0.8709959349593496 0.4910152284263959 0.027764227642276474 0.09969543147208122
0 0.03063008130081301 0.6540609137055837 0.06126016260162602 0.18121827411167507
0 0.47190040650406506 0.5368020304568528 0.01554878048780489 0.026903553299492445
0 0.3441565040650406 0.7836928934010152 0.1259146341463415 0.2575888324873097
0 0.07230182926829269 0.6396954314720812 0.07102642276422765 0.11604060913705576
7 0.8726168699186991 0.38956852791878177 0.02942073170731712 0.10086294416243657
6 0.583119918699187 0.4963451776649746 0.018699186991869895 0.061167512690355384
7 0.8426371951219512 0.48986040609137055 0.029583333333333347 0.10276649746192895
0 0.39502540650406504 0.5489974619289341 0.023770325203252018 0.039365482233502516
1 0.3523526422764228 0.5593654822335025 0.05594512195121953 0.1493908629441624
0 0.10981199186991869 0.6116751269035533 0.07104674796747967 0.11269035532994919
7 0.843170731707317 0.386497461928934 0.029735772357723567 0.10010152284263958
