18 0.17985772357723578 0.3823350253807106 0.009959349593495918 0.04060913705583756
7 0.38097560975609757 0.4668527918781726 0.05040650406504067 0.09999999999999994
18 0.22596544715447156 0.38431472081218276 0.009044715447154477 0.040710659898477136
18 0.3320020325203252 0.47251269035533 0.006321138211382141 0.03365482233502543
18 0.2732113821138211 0.38781725888324875 0.009268292682926834 0.042131979695431455
18 0.012916666666666668 0.4775888324873097 0.005589430894308943 0.037817258883248744
1 0.3978302845528456 0.5395939086294416 0.12954268292682924 0.10355329949238581
0 0.16692073170731708 0.6096192893401016 0.04989837398373986 0.0909137055837564
1 0.18130081300813006 0.5596446700507615 0.06544715447154473 0.15025380710659897
0 0.1252540650406504 0.5604060913705584 0.023882113821138213 0.03959390862944161
0 0.1458689024390244 0.6303934010152284 0.06253048780487806 0.10444162436548217
0 0.07096544715447155 0.5539340101522843 0.03536585365853659 0.06015228426395936
0 0.026605691056910567 0.5605583756345178 0.0507520325203252 0.05807106598984778
18 0.17985772357723578 0.3823350253807106 0.009959349593495918 0.04060913705583756
7 0.38097560975609757 0.4668527918781726 0.05040650406504067 0.09999999999999994
18 0.22596544715447156 0.38431472081218276 0.009044715447154477 0.040710659898477136
18 0.3320020325203252 0.47251269035533 0.006321138211382141 0.03365482233502543
18 0.2732113821138211 0.38781725888324875 0.009268292682926834 0.042131979695431455
18 0.012916666666666668 0.4775888324873097 0.005589430894308943 0.037817258883248744
1 0.3978302845528456 0.5395939086294416 0.12954268292682924 0.10355329949238581
0 0.16692073170731708 0.6096192893401016 0.04989837398373986 0.0909137055837564
1 0.18130081300813006 0.5596446700507615 0.06544715447154473 0.15025380710659897
0 0.1252540650406504 0.5604060913705584 0.023882113821138213 0.03959390862944161
0 0.1458689024390244 0.6303934010152284 0.06253048780487806 0.10444162436548217
0 0.07096544715447155 0.5539340101522843 0.03536585365853659 0.06015228426395936
0 0.026605691056910567 0.5605583756345178 0.0507520325203252 0.05807106598984778
