1 0.8298780487804878 0.5378680203045686 0.02957317073170734 0.04593908629441623
0 0.36105691056910566 0.526497461928934 0.009959349593495946 0.02284263959390863
1 0.5345426829268293 0.5286040609137056 0.06833333333333334 0.19370558375634517
0 0.37922764227642275 0.5289847715736041 0.00894308943089432 0.016751269035532982
0 0.4563668699186992 0.5756472081218275 0.031595528455284586 0.058705583756345166
0 0.8733485772357723 0.5748350253807107 0.02251016260162611 0.03190355329949244
0 0.43927337398373983 0.5982233502538071 0.043587398373983725 0.08121827411167512
0 0.3977439024390244 0.5274111675126903 0.009146341463414634 0.020812182741116795
0 0.8484705284552846 0.5528426395939086 0.01881097560975609 0.0266497461928934
1 0.3792276422764228 0.5158883248730964 0.012195121951219513 0.03065989847715739
0 0.5416158536585366 0.6024492385786803 0.04859756097560975 0.08875634517766497
1 0.8298780487804878 0.5378680203045686 0.02957317073170734 0.04593908629441623
0 0.36105691056910566 0.526497461928934 0.009959349593495946 0.02284263959390863
1 0.5345426829268293 0.5286040609137056 0.06833333333333334 0.19370558375634517
0 0.37922764227642275 0.5289847715736041 0.00894308943089432 0.016751269035532982
0 0.4563668699186992 0.5756472081218275 0.031595528455284586 0.058705583756345166
0 0.8733485772357723 0.5748350253807107 0.02251016260162611 0.03190355329949244
0 0.43927337398373983 0.5982233502538071 0.043587398373983725 0.08121827411167512
0 0.3977439024390244 0.5274111675126903 0.009146341463414634 0.020812182741116795
0 0.8484705284552846 0.5528426395939086 0.01881097560975609 0.0266497461928934
1 0.3792276422764228 0.5158883248730964 0.012195121951219513 0.03065989847715739
0 0.5416158536585366 0.6024492385786803 0.04859756097560975 0.08875634517766497
