1 0.04445408163265306 0.591580310880829 0.08890816326530612 0.816839378238342
11 0.32021428571428573 0.30090673575129534 0.009510204081632704 0.02569948186528498
0 0.2411122448979592 0.33167098445595855 0.01114285714285713 0.0189378238341969
0 0.17946428571428572 0.4004015544041451 0.028969387755102025 0.08997409326424868
0 0.18983673469387755 0.38448186528497413 0.025510204081632654 0.06145077720207254
0 0.16801020408163267 0.41494818652849735 0.04151020408163266 0.12564766839378239
0 0.19351530612244897 0.369119170984456 0.02854081632653061 0.058704663212435226
2 0.08978061224489796 0.546619170984456 0.1068673469387755 0.3973834196891191
1 0.20694387755102042 0.31681347150259065 0.027132653061224494 0.08544041450777203
1 0.1409387755102041 0.4604663212435233 0.06275510204081633 0.25455958549222796
