1 0.17564285714285713 0.38443005181347145 0.03785714285714285 0.13108808290155438
0 0.3560204081632653 0.8751295336787565 0.33612244897959187 0.24974093264248698
1 0.24294897959183673 0.47389896373057 0.07287755102040817 0.20525906735751293
0 0.3030408163265306 0.3706476683937824 0.03489795918367346 0.03160621761658028
3 0.22989795918367348 0.37772020725388605 0.02673469387755104 0.09481865284974092
2 0.578515306122449 0.3615544041450777 0.04445918367346944 0.04974093264248702
2 0.6691887755102042 0.35694300518134714 0.05168367346938773 0.04673575129533684
0 0.3483979591836735 0.3720207253886011 0.03479591836734696 0.03264248704663211
0 0.2911326530612245 0.7407901554404145 0.16132653061224492 0.3096632124352331
1 0.17468367346938776 0.35686528497409326 0.10695918367346938 0.08989637305699479
16 0.11625510204081634 0.4399222797927461 0.004591836734693878 0.04792746113989637
16 0.6886020408163265 0.8355440414507772 0.02340816326530606 0.3289119170984455
1 0.4459438775510204 0.3550259067357513 0.05021428571428569 0.06347150259067354
0 0.2931938775510204 0.3663730569948187 0.031122448979591835 0.03134715025906734
0 0.2629285714285714 0.6092487046632125 0.119734693877551 0.26404145077720204
16 0.2817755102040816 0.4350518134715026 0.004591836734693878 0.04792746113989637
1 0.17564285714285713 0.38443005181347145 0.03785714285714285 0.13108808290155438
0 0.3560204081632653 0.8751295336787565 0.33612244897959187 0.24974093264248698
1 0.24294897959183673 0.47389896373057 0.07287755102040817 0.20525906735751293
0 0.3030408163265306 0.3706476683937824 0.03489795918367346 0.03160621761658028
3 0.22989795918367348 0.37772020725388605 0.02673469387755104 0.09481865284974092
2 0.578515306122449 0.3615544041450777 0.04445918367346944 0.04974093264248702
2 0.6691887755102042 0.35694300518134714 0.05168367346938773 0.04673575129533684
0 0.3483979591836735 0.3720207253886011 0.03479591836734696 0.03264248704663211
0 0.2911326530612245 0.7407901554404145 0.16132653061224492 0.3096632124352331
1 0.17468367346938776 0.35686528497409326 0.10695918367346938 0.08989637305699479
16 0.11625510204081634 0.4399222797927461 0.004591836734693878 0.04792746113989637
16 0.6886020408163265 0.8355440414507772 0.02340816326530606 0.3289119170984455
1 0.4459438775510204 0.3550259067357513 0.05021428571428569 0.06347150259067354
0 0.2931938775510204 0.3663730569948187 0.031122448979591835 0.03134715025906734
0 0.2629285714285714 0.6092487046632125 0.119734693877551 0.26404145077720204
16 0.2817755102040816 0.4350518134715026 0.004591836734693878 0.04792746113989637
