1 0.8223163265306122 0.3086010362694301 0.1593061224489796 0.1145077720207254
0 0.6216020408163266 0.34312176165803104 0.051734693877550954 0.04246113989637302
2 0.9509183673469388 0.327979274611399 0.08959183673469383 0.07461139896373056
0 0.5556683673469388 0.49753886010362697 0.06396938775510198 0.12088082901554403
1 0.0641326530612245 0.3106217616580311 0.128265306122449 0.11865284974093267
1 0.43688775510204086 0.43989637305699475 0.2062244897959184 0.6481865284974093
0 0.5391326530612245 0.4714896373056995 0.05120408163265312 0.10204663212435229
1 0.6201530612244898 0.49870466321243523 0.15704081632653072 0.25699481865284973
0 0.5590510204081632 0.3428756476683938 0.049693877551020456 0.048704663212435224
0 0.7120918367346938 0.641139896373057 0.18173469387755103 0.2617616580310881
1 0.7561734693877551 0.31580310880829016 0.2221428571428571 0.13264248704663212
4 0.547826530612245 0.3183678756476684 0.011938775510204128 0.02720207253886007
0 0.8673979591836735 0.7897668393782384 0.265204081632653 0.42046632124352334
1 0.8223163265306122 0.3086010362694301 0.1593061224489796 0.1145077720207254
0 0.6216020408163266 0.34312176165803104 0.051734693877550954 0.04246113989637302
2 0.9509183673469388 0.327979274611399 0.08959183673469383 0.07461139896373056
0 0.5556683673469388 0.49753886010362697 0.06396938775510198 0.12088082901554403
1 0.0641326530612245 0.3106217616580311 0.128265306122449 0.11865284974093267
1 0.43688775510204086 0.43989637305699475 0.2062244897959184 0.6481865284974093
0 0.5391326530612245 0.4714896373056995 0.05120408163265312 0.10204663212435229
1 0.6201530612244898 0.49870466321243523 0.15704081632653072 0.25699481865284973
0 0.5590510204081632 0.3428756476683938 0.049693877551020456 0.048704663212435224
0 0.7120918367346938 0.641139896373057 0.18173469387755103 0.2617616580310881
1 0.7561734693877551 0.31580310880829016 0.2221428571428571 0.13264248704663212
4 0.547826530612245 0.3183678756476684 0.011938775510204128 0.02720207253886007
0 0.8673979591836735 0.7897668393782384 0.265204081632653 0.42046632124352334
