2 0.8069897959183673 0.5125647668393782 0.13581632653061226 0.2344559585492228
8 0.8242448979591837 0.4955051813471502 0.06553061224489799 0.14624352331606222
2 0.9730663265306123 0.3729533678756477 0.05386734693877547 0.07948186528497411
1 0.35326530612244894 0.3519430051813472 0.1377551020408163 0.09300518134715027
1 0.050816326530612244 0.33976683937823837 0.10163265306122449 0.07901554404145078
1 0.7888979591836734 0.36282383419689124 0.1390204081632653 0.0950777202072539
0 0.8679948979591836 0.6225906735751295 0.1348265306122449 0.19937823834196894
1 0.6421785714285715 0.41240932642487044 0.07398979591836734 0.23673575129533678
16 0.5858061224489797 0.4488341968911917 0.0037755102040816792 0.05233160621761655
0 0.9302551020408163 0.7262953367875649 0.13948979591836738 0.3541450777202072
3 0.7063469387755102 0.3887953367875647 0.0330612244897959 0.10272020725388603
0 0.9066326530612245 0.39080310880829017 0.04204081632653066 0.03445595854922283
2 0.8069897959183673 0.5125647668393782 0.13581632653061226 0.2344559585492228
8 0.8242448979591837 0.4955051813471502 0.06553061224489799 0.14624352331606222
2 0.9730663265306123 0.3729533678756477 0.05386734693877547 0.07948186528497411
1 0.35326530612244894 0.3519430051813472 0.1377551020408163 0.09300518134715027
1 0.050816326530612244 0.33976683937823837 0.10163265306122449 0.07901554404145078
1 0.7888979591836734 0.36282383419689124 0.1390204081632653 0.0950777202072539
0 0.8679948979591836 0.6225906735751295 0.1348265306122449 0.19937823834196894
1 0.6421785714285715 0.41240932642487044 0.07398979591836734 0.23673575129533678
16 0.5858061224489797 0.4488341968911917 0.0037755102040816792 0.05233160621761655
0 0.9302551020408163 0.7262953367875649 0.13948979591836738 0.3541450777202072
3 0.7063469387755102 0.3887953367875647 0.0330612244897959 0.10272020725388603
0 0.9066326530612245 0.39080310880829017 0.04204081632653066 0.03445595854922283
