0 0.28938775510204084 0.39481865284974094 0.06730612244897957 0.13056994818652848
1 0.5975765306122449 0.28281088082901557 0.08611224489795928 0.24163212435233164
1 0.33280612244897956 0.2902461139896373 0.11989795918367346 0.266139896373057
0 0.6582295918367348 0.45155440414507775 0.08031632653061217 0.166839378238342
0 0.6238877551020409 0.3930440414507772 0.06904081632653059 0.13173575129533674
0 0.10271938775510203 0.5191062176165803 0.1754387755102041 0.24494818652849745
1 0.4816938775510204 0.2405051813471503 0.028102040816326494 0.09116580310880833
1 0.5294897959183673 0.25669689119170985 0.025714285714285703 0.12323834196891194
0 0.38853061224489793 0.3206217616580311 0.034775510204081615 0.08777202072538859
0 0.22189285714285711 0.42883419689119173 0.11168367346938778 0.1909326424870466
1 0.5488112244897959 0.2679663212435233 0.022928571428571458 0.16707253886010365
1 0.5066275510204081 0.2515414507772021 0.028295918367346958 0.0994559585492228
1 0.8251734693877552 0.5 0.34965306122448975 1.0
0 0.28938775510204084 0.39481865284974094 0.06730612244897957 0.13056994818652848
1 0.5975765306122449 0.28281088082901557 0.08611224489795928 0.24163212435233164
1 0.33280612244897956 0.2902461139896373 0.11989795918367346 0.266139896373057
0 0.6582295918367348 0.45155440414507775 0.08031632653061217 0.166839378238342
0 0.6238877551020409 0.3930440414507772 0.06904081632653059 0.13173575129533674
0 0.10271938775510203 0.5191062176165803 0.1754387755102041 0.24494818652849745
1 0.4816938775510204 0.2405051813471503 0.028102040816326494 0.09116580310880833
1 0.5294897959183673 0.25669689119170985 0.025714285714285703 0.12323834196891194
0 0.38853061224489793 0.3206217616580311 0.034775510204081615 0.08777202072538859
0 0.22189285714285711 0.42883419689119173 0.11168367346938778 0.1909326424870466
1 0.5488112244897959 0.2679663212435233 0.022928571428571458 0.16707253886010365
1 0.5066275510204081 0.2515414507772021 0.028295918367346958 0.0994559585492228
1 0.8251734693877552 0.5 0.34965306122448975 1.0
