1 0.24025510204081632 0.2365284974093264 0.07030612244897957 0.29637305699481864
3 0.366984693877551 0.23505181347150256 0.049887755102040805 0.08948186528497411
0 0.3971428571428572 0.3755181347150259 0.0742857142857143 0.15155440414507768
1 0.471969387755102 0.22474093264248704 0.05951020408163265 0.05829015544041451
1 0.3245918367346939 0.2544559585492228 0.058163265306122446 0.18694300518134718
2 0.6608622448979592 0.5330699481865284 0.369704081632653 0.6412694300518134
1 0.41640816326530616 0.23165803108808286 0.0579591836734694 0.08367875647668394
0 0.28771428571428576 0.26862694300518136 0.02275510204081634 0.04326424870466322
0 0.4822959183673469 0.4937305699481865 0.1152040816326531 0.21512953367875645
0 0.34872448979591836 0.331360103626943 0.054795918367346985 0.10417098445595853
0 0.2739387755102041 0.27186528497409324 0.024591836734693843 0.0450777202072539
1 0.24025510204081632 0.2365284974093264 0.07030612244897957 0.29637305699481864
3 0.366984693877551 0.23505181347150256 0.049887755102040805 0.08948186528497411
0 0.3971428571428572 0.3755181347150259 0.0742857142857143 0.15155440414507768
1 0.471969387755102 0.22474093264248704 0.05951020408163265 0.05829015544041451
1 0.3245918367346939 0.2544559585492228 0.058163265306122446 0.18694300518134718
2 0.6608622448979592 0.5330699481865284 0.369704081632653 0.6412694300518134
1 0.41640816326530616 0.23165803108808286 0.0579591836734694 0.08367875647668394
0 0.28771428571428576 0.26862694300518136 0.02275510204081634 0.04326424870466322
0 0.4822959183673469 0.4937305699481865 0.1152040816326531 0.21512953367875645
0 0.34872448979591836 0.331360103626943 0.054795918367346985 0.10417098445595853
0 0.2739387755102041 0.27186528497409324 0.024591836734693843 0.0450777202072539
