0 0.7235343137254902 0.3897765957446808 0.051558823529411685 0.038574468085106374
0 0.5403921568627451 0.4521382978723404 0.10366666666666673 0.09065957446808513
0 0.6385196078431372 0.3895531914893616 0.04080392156862746 0.04089361702127659
0 0.23826470588235296 0.37796808510638297 0.044254901960784326 0.03002127659574465
5 0.2763529411764706 0.33761702127659576 0.03337254901960781 0.06731914893617018
0 0.46339215686274504 0.3823191489361702 0.04164705882352938 0.03451063829787234
0 0.1477107843137255 0.3783723404255319 0.03791176470588234 0.02963829787234044
8 0.3385294117647059 0.34325531914893614 0.020196078431372572 0.04412765957446804
0 0.6776274509803922 0.38613829787234044 0.04415686274509811 0.037085106382978676
16 0.4380049019607843 0.6195106382978723 0.07732352941176471 0.06651063829787232
8 0.2743872549019608 0.3872978723404255 0.060735294117647075 0.03348936170212768
8 0.3954950980392157 0.3870531914893617 0.05461764705882351 0.02976595744680853
0 0.79225 0.42861702127659573 0.050656862745098 0.07310638297872338
0 0.7798382352941176 0.4026914893617021 0.048362745098039256 0.06742553191489367
0 0.36682352941176466 0.37844680851063833 0.03721568627450978 0.03119148936170212
0 0.719656862745098 0.4493085106382979 0.08721568627450973 0.09861702127659573
5 0.7149803921568627 0.330936170212766 0.03043137254901957 0.05940425531914891
0 0.7235343137254902 0.3897765957446808 0.051558823529411685 0.038574468085106374
0 0.5403921568627451 0.4521382978723404 0.10366666666666673 0.09065957446808513
0 0.6385196078431372 0.3895531914893616 0.04080392156862746 0.04089361702127659
0 0.23826470588235296 0.37796808510638297 0.044254901960784326 0.03002127659574465
5 0.2763529411764706 0.33761702127659576 0.03337254901960781 0.06731914893617018
0 0.46339215686274504 0.3823191489361702 0.04164705882352938 0.03451063829787234
0 0.1477107843137255 0.3783723404255319 0.03791176470588234 0.02963829787234044
8 0.3385294117647059 0.34325531914893614 0.020196078431372572 0.04412765957446804
0 0.6776274509803922 0.38613829787234044 0.04415686274509811 0.037085106382978676
16 0.4380049019607843 0.6195106382978723 0.07732352941176471 0.06651063829787232
8 0.2743872549019608 0.3872978723404255 0.060735294117647075 0.03348936170212768
8 0.3954950980392157 0.3870531914893617 0.05461764705882351 0.02976595744680853
0 0.79225 0.42861702127659573 0.050656862745098 0.07310638297872338
0 0.7798382352941176 0.4026914893617021 0.048362745098039256 0.06742553191489367
0 0.36682352941176466 0.37844680851063833 0.03721568627450978 0.03119148936170212
0 0.719656862745098 0.4493085106382979 0.08721568627450973 0.09861702127659573
5 0.7149803921568627 0.330936170212766 0.03043137254901957 0.05940425531914891
