1 0.17090816326530614 0.2349740932642487 0.06651020408163266 0.24974093264248706
0 0.05433673469387755 0.28756476683937826 0.0366326530612245 0.06321243523316064
2 0.5826530612244898 0.4788860103626943 0.30836734693877554 0.5209844559585491
0 0.2971989795918367 0.33976683937823837 0.06133673469387756 0.10803108808290156
0 0.023775510204081633 0.33121761658031085 0.047551020408163266 0.10388601036269432
0 0.8647959183673469 0.905181347150259 0.27040816326530615 0.18963730569948184
0 0.3568367346938776 0.37952072538860104 0.08183673469387753 0.14764248704663216
1 0.255484693877551 0.2507383419689119 0.08460204081632652 0.2042227979274611
1 0.09622448979591837 0.22914507772020726 0.07816326530612244 0.09974093264248704
0 0.4446938775510204 0.4758419689119171 0.12448979591836734 0.20686528497409326
1 0.17090816326530614 0.2349740932642487 0.06651020408163266 0.24974093264248706
0 0.05433673469387755 0.28756476683937826 0.0366326530612245 0.06321243523316064
2 0.5826530612244898 0.4788860103626943 0.30836734693877554 0.5209844559585491
0 0.2971989795918367 0.33976683937823837 0.06133673469387756 0.10803108808290156
0 0.023775510204081633 0.33121761658031085 0.047551020408163266 0.10388601036269432
0 0.8647959183673469 0.905181347150259 0.27040816326530615 0.18963730569948184
0 0.3568367346938776 0.37952072538860104 0.08183673469387753 0.14764248704663216
1 0.255484693877551 0.2507383419689119 0.08460204081632652 0.2042227979274611
1 0.09622448979591837 0.22914507772020726 0.07816326530612244 0.09974093264248704
0 0.4446938775510204 0.4758419689119171 0.12448979591836734 0.20686528497409326
