0 0.35466326530612247 0.41360103626943007 0.06822448979591839 0.14585492227979277
0 0.6131989795918367 0.6479663212435234 0.2529897959183673 0.34655440414507777
1 0.09037244897959183 0.23001295336787564 0.08441836734693878 0.20318652849740934
0 0.24545408163265306 0.3310103626943005 0.05874489795918367 0.09917098445595855
0 0.3000561224489796 0.3584844559585492 0.06743877551020411 0.12448186528497412
1 0.889030612244898 0.5 0.22193877551020408 1.0
1 0.18646428571428572 0.25738341968911915 0.09278571428571426 0.18523316062176165
3 0.009989795918367347 0.26194300518134717 0.019979591836734693 0.20326424870466323
2 0.4442755102040816 0.38808290155440417 0.17818367346938782 0.3176165803108808
0 0.35466326530612247 0.41360103626943007 0.06822448979591839 0.14585492227979277
0 0.6131989795918367 0.6479663212435234 0.2529897959183673 0.34655440414507777
1 0.09037244897959183 0.23001295336787564 0.08441836734693878 0.20318652849740934
0 0.24545408163265306 0.3310103626943005 0.05874489795918367 0.09917098445595855
0 0.3000561224489796 0.3584844559585492 0.06743877551020411 0.12448186528497412
1 0.889030612244898 0.5 0.22193877551020408 1.0
1 0.18646428571428572 0.25738341968911915 0.09278571428571426 0.18523316062176165
3 0.009989795918367347 0.26194300518134717 0.019979591836734693 0.20326424870466323
2 0.4442755102040816 0.38808290155440417 0.17818367346938782 0.3176165803108808
