16 0.3662549800796813 0.505875486381323 0.005079681274900365 0.0295719844357977
16 0.48737051792828684 0.5206420233463035 0.005079681274900421 0.03342412451361869
1 0.7366235059760956 0.4295038910505836 0.09229083665338643 0.0849610894941634
16 0.5394820717131475 0.4952918287937743 0.005079681274900421 0.0295719844357977
16 0.7085059760956175 0.48422178988326847 0.005079681274900421 0.02455252918287933
16 0.6800298804780877 0.49035019455252915 0.005079681274900308 0.026692607003890992
16 0.4695418326693227 0.49544747081712065 0.005079681274900421 0.02747081712062263
16 0.6499501992031872 0.48752918287937747 0.005079681274900421 0.026108949416342443
16 0.5920717131474104 0.4916147859922179 0.005079681274900421 0.024863813229571933
16 0.5760458167330677 0.5052140077821011 0.005079681274900421 0.029571984435797588
16 0.41804780876494024 0.5122762645914397 0.005079681274900365 0.03186770428015563
16 0.3867380478087649 0.49739299610894944 0.004412350597609568 0.027859922178988313
16 0.7591135458167332 0.4800389105058366 0.004083665338645441 0.02280155642023346
16 0.7243525896414342 0.4852918287937743 0.005079681274900308 0.025525291828793782
16 0.611195219123506 0.49891050583657587 0.005079681274900421 0.026692607003891047
16 0.6390936254980081 0.4952918287937743 0.005079681274900421 0.0295719844357977
1 0.6356474103585658 0.4286575875486381 0.08804780876494021 0.0880155642023346
16 0.32905378486055775 0.5000389105058365 0.005079681274900421 0.0295719844357977
16 0.5386952191235059 0.5129961089494163 0.005079681274900421 0.029571984435797644
7 0.472355577689243 0.4414299610894941 0.0627390438247012 0.028657587548638112
16 0.3662549800796813 0.505875486381323 0.005079681274900365 0.0295719844357977
16 0.48737051792828684 0.5206420233463035 0.005079681274900421 0.03342412451361869
1 0.7366235059760956 0.4295038910505836 0.09229083665338643 0.0849610894941634
16 0.5394820717131475 0.4952918287937743 0.005079681274900421 0.0295719844357977
16 0.7085059760956175 0.48422178988326847 0.005079681274900421 0.02455252918287933
16 0.6800298804780877 0.49035019455252915 0.005079681274900308 0.026692607003890992
16 0.4695418326693227 0.49544747081712065 0.005079681274900421 0.02747081712062263
16 0.6499501992031872 0.48752918287937747 0.005079681274900421 0.026108949416342443
16 0.5920717131474104 0.4916147859922179 0.005079681274900421 0.024863813229571933
16 0.5760458167330677 0.5052140077821011 0.005079681274900421 0.029571984435797588
16 0.41804780876494024 0.5122762645914397 0.005079681274900365 0.03186770428015563
16 0.3867380478087649 0.49739299610894944 0.004412350597609568 0.027859922178988313
16 0.7591135458167332 0.4800389105058366 0.004083665338645441 0.02280155642023346
16 0.7243525896414342 0.4852918287937743 0.005079681274900308 0.025525291828793782
16 0.611195219123506 0.49891050583657587 0.005079681274900421 0.026692607003891047
16 0.6390936254980081 0.4952918287937743 0.005079681274900421 0.0295719844357977
1 0.6356474103585658 0.4286575875486381 0.08804780876494021 0.0880155642023346
16 0.32905378486055775 0.5000389105058365 0.005079681274900421 0.0295719844357977
16 0.5386952191235059 0.5129961089494163 0.005079681274900421 0.029571984435797644
7 0.472355577689243 0.4414299610894941 0.0627390438247012 0.028657587548638112
