15 0.17109561752988048 0.44680933852140076 0.05760956175298802 0.028171206225680968
15 0.27647410358565744 0.44555447470817117 0.05633466135458168 0.028190661478599183
5 0.7852589641434263 0.4121400778210117 0.031474103585657394 0.049260700389105044
8 0.06748505976095617 0.6739105058365759 0.07178286852589642 0.13221789883268478
16 0.19967131474103586 0.5477918287937743 0.006832669322709177 0.04721789883268479
1 0.4440438247011952 0.46302529182879376 0.22976095617529876 0.5952334630350196
8 0.22506474103585655 0.41011673151750977 0.01839641434262948 0.03540856031128408
0 0.1972808764940239 0.5166245136186771 0.12822709163346616 0.0843774319066148
16 0.24542828685258963 0.7329085603112842 0.016792828685258977 0.10005836575875487
15 0.17109561752988048 0.44680933852140076 0.05760956175298802 0.028171206225680968
15 0.27647410358565744 0.44555447470817117 0.05633466135458168 0.028190661478599183
5 0.7852589641434263 0.4121400778210117 0.031474103585657394 0.049260700389105044
8 0.06748505976095617 0.6739105058365759 0.07178286852589642 0.13221789883268478
16 0.19967131474103586 0.5477918287937743 0.006832669322709177 0.04721789883268479
1 0.4440438247011952 0.46302529182879376 0.22976095617529876 0.5952334630350196
8 0.22506474103585655 0.41011673151750977 0.01839641434262948 0.03540856031128408
0 0.1972808764940239 0.5166245136186771 0.12822709163346616 0.0843774319066148
16 0.24542828685258963 0.7329085603112842 0.016792828685258977 0.10005836575875487
