20 0.3863653846153846 0.39207843137254905 0.00471153846153844 0.020588235294117647
0 0.35639423076923077 0.7429803921568626 0.15125000000000002 0.29247058823529415
1 0.054870192307692314 0.486656862745098 0.10929807692307693 0.1870392156862745
1 0.3623269230769231 0.5143039215686274 0.11388461538461538 0.27221568627450976
7 0.44713461538461535 0.4530588235294118 0.05113461538461539 0.09894117647058825
10 0.5890096153846153 0.4634607843137255 0.05376923076923073 0.10735294117647058
0 0.36059615384615384 0.6483137254901961 0.10613461538461538 0.17160784313725486
20 0.3863653846153846 0.39207843137254905 0.00471153846153844 0.020588235294117647
0 0.35639423076923077 0.7429803921568626 0.15125000000000002 0.29247058823529415
1 0.054870192307692314 0.486656862745098 0.10929807692307693 0.1870392156862745
1 0.3623269230769231 0.5143039215686274 0.11388461538461538 0.27221568627450976
7 0.44713461538461535 0.4530588235294118 0.05113461538461539 0.09894117647058825
10 0.5890096153846153 0.4634607843137255 0.05376923076923073 0.10735294117647058
0 0.36059615384615384 0.6483137254901961 0.10613461538461538 0.17160784313725486
