16 0.9697559760956175 0.4960019455252918 0.007001992031872482 0.05200389105058364
0 0.2417430278884462 0.4737062256809339 0.03225099601593622 0.051420233463034974
16 0.6895667330677291 0.6149221789883269 0.01084661354581672 0.060194552529182876
16 0.632101593625498 0.5804863813229572 0.008306772908366452 0.04891050583657585
0 0.3135956175298805 0.4516342412451362 0.019023904382470085 0.024747081712062254
7 0.7265836653386454 0.4765272373540856 0.08707171314741043 0.05939688715953308
16 0.9002788844621514 0.6668579766536965 0.011733067729083639 0.07219844357976657
7 0.7757768924302789 0.28894941634241245 0.04856573705179282 0.07610894941634243
16 0.9205179282868526 0.7539688715953307 0.01593625498007968 0.09548638132295717
1 0.193894422310757 0.441215953307393 0.07494023904382469 0.11173151750972764
16 0.25914342629482073 0.5483268482490273 0.007011952191235024 0.05198443579766531
16 0.7739093625498008 0.6644844357976654 0.011743027888446179 0.07219844357976657
1 0.3184910358565737 0.4316342412451362 0.030547808764940256 0.05073929961089497
0 0.4343525896414343 0.48508754863813225 0.03559760956175294 0.055894941634241226
16 0.9697559760956175 0.4960019455252918 0.007001992031872482 0.05200389105058364
0 0.2417430278884462 0.4737062256809339 0.03225099601593622 0.051420233463034974
16 0.6895667330677291 0.6149221789883269 0.01084661354581672 0.060194552529182876
16 0.632101593625498 0.5804863813229572 0.008306772908366452 0.04891050583657585
0 0.3135956175298805 0.4516342412451362 0.019023904382470085 0.024747081712062254
7 0.7265836653386454 0.4765272373540856 0.08707171314741043 0.05939688715953308
16 0.9002788844621514 0.6668579766536965 0.011733067729083639 0.07219844357976657
7 0.7757768924302789 0.28894941634241245 0.04856573705179282 0.07610894941634243
16 0.9205179282868526 0.7539688715953307 0.01593625498007968 0.09548638132295717
1 0.193894422310757 0.441215953307393 0.07494023904382469 0.11173151750972764
16 0.25914342629482073 0.5483268482490273 0.007011952191235024 0.05198443579766531
16 0.7739093625498008 0.6644844357976654 0.011743027888446179 0.07219844357976657
1 0.3184910358565737 0.4316342412451362 0.030547808764940256 0.05073929961089497
0 0.4343525896414343 0.48508754863813225 0.03559760956175294 0.055894941634241226
