7 0.41541334661354584 0.32019455252918283 0.024073705179282884 0.05984435797665373
7 0.3848256972111554 0.3214396887159533 0.03534860557768925 0.05949416342412448
0 0.4129731075697211 0.44457198443579765 0.021623505976095653 0.03182879377431904
0 0.6288894422310757 0.6477626459143969 0.15658366533864546 0.18852140077821009
0 0.10351593625498008 0.5304474708171206 0.07703187250996014 0.09474708171206224
0 0.2572360557768924 0.45956225680933854 0.029770916334661342 0.03978599221789881
1 0.2809760956175299 0.42217898832684825 0.03147410358565734 0.05680933852140076
1 0.036752988047808764 0.48068093385214006 0.07350597609561753 0.178715953307393
7 0.41824701195219127 0.3640175097276265 0.015039840637450222 0.02496108949416345
7 0.43764442231075695 0.3640077821011673 0.010527888446215133 0.0235019455252918
7 0.41541334661354584 0.32019455252918283 0.024073705179282884 0.05984435797665373
7 0.3848256972111554 0.3214396887159533 0.03534860557768925 0.05949416342412448
0 0.4129731075697211 0.44457198443579765 0.021623505976095653 0.03182879377431904
0 0.6288894422310757 0.6477626459143969 0.15658366533864546 0.18852140077821009
0 0.10351593625498008 0.5304474708171206 0.07703187250996014 0.09474708171206224
0 0.2572360557768924 0.45956225680933854 0.029770916334661342 0.03978599221789881
1 0.2809760956175299 0.42217898832684825 0.03147410358565734 0.05680933852140076
1 0.036752988047808764 0.48068093385214006 0.07350597609561753 0.178715953307393
7 0.41824701195219127 0.3640175097276265 0.015039840637450222 0.02496108949416345
7 0.43764442231075695 0.3640077821011673 0.010527888446215133 0.0235019455252918
