1 0.09320717131474103 0.4701945525291829 0.14705179282868527 0.16272373540856028
0 0.3284163346613546 0.47486381322957194 0.022689243027888474 0.030428015564202365
12 0.6631822709163347 0.45679961089494164 0.01401394422310762 0.0401750972762646
0 0.35443227091633467 0.466828793774319 0.010856573705179317 0.018754863813229602
1 0.2617529880478088 0.4536964980544747 0.058167330677290845 0.09260700389105057
1 0.37511454183266935 0.456284046692607 0.018177290836653388 0.03513618677042802
0 0.44869521912350596 0.4708268482490272 0.012768924302788838 0.019202334630350204
3 0.5324352589641435 0.4549902723735409 0.02975099601593626 0.04566147859922179
21 0.6137749003984064 0.6293093385214008 0.07743027888446216 0.10597276264591433
1 0.32816733067729087 0.4517023346303502 0.030119521912350608 0.05254863813229576
0 0.1986503984063745 0.5062451361867704 0.04911354581673307 0.06688715953307386
1 0.49738545816733065 0.46254863813229574 0.031125498007968128 0.07490272373540856
0 0.30584163346613547 0.5566731517509728 0.06999003984063744 0.09482490272373542
7 0.9584661354581673 0.2699610894941634 0.08306772908366532 0.2727237354085603
21 0.45464641434262953 0.624727626459144 0.03757968127490036 0.10081712062256808
