0 0.3741235059760956 0.4522665369649805 0.018585657370517896 0.024377431906614788
21 0.04136454183266933 0.8425097276264591 0.08272908366533865 0.13451361867704278
0 0.2621115537848605 0.4449805447470817 0.012430278884462112 0.020544747081712066
0 0.14351095617529877 0.45687743190661473 0.023794820717131487 0.03145914396887157
2 0.022435258964143424 0.46655642023346305 0.04487051792828685 0.0692217898832685
0 0.41427788844621516 0.47330739299610897 0.028416334661354556 0.0444357976653696
3 0.2202241035856574 0.4382392996108949 0.039432270916334666 0.07745136186770428
0 0.036354581673306775 0.5166536964980545 0.06964143426294819 0.08229571984435795
21 0.3934113545816733 0.8896303501945525 0.06060756972111556 0.2207392996108949
0 0.3970717131474104 0.4626653696498054 0.02091633466135458 0.0311284046692607
