2 0.3585358565737052 0.4178015564202335 0.032350597609561715 0.058560311284046734
0 0.28463147410358564 0.4111284046692607 0.016235059760956187 0.02509727626459145
0 0.3179780876494024 0.44153696498054473 0.028784860557768903 0.04610894941634244
1 0.08276892430278886 0.4190661478599222 0.11115537848605579 0.16498054474708174
0 0.4233565737051793 0.47369649805447467 0.045916334661354606 0.07260700389105057
0 0.5118276892430279 0.5466342412451362 0.09158366533864547 0.12229571984435794
0 0.1940488047808765 0.4456128404669261 0.03269920318725101 0.04566147859922179
1 0.17999501992031872 0.3933852140077821 0.032300796812749014 0.0736964980544747
2 0.3585358565737052 0.4178015564202335 0.032350597609561715 0.058560311284046734
0 0.28463147410358564 0.4111284046692607 0.016235059760956187 0.02509727626459145
0 0.3179780876494024 0.44153696498054473 0.028784860557768903 0.04610894941634244
1 0.08276892430278886 0.4190661478599222 0.11115537848605579 0.16498054474708174
0 0.4233565737051793 0.47369649805447467 0.045916334661354606 0.07260700389105057
0 0.5118276892430279 0.5466342412451362 0.09158366533864547 0.12229571984435794
0 0.1940488047808765 0.4456128404669261 0.03269920318725101 0.04566147859922179
1 0.17999501992031872 0.3933852140077821 0.032300796812749014 0.0736964980544747
