1 0.8809567307692308 0.5196078431372549 0.2380865384615385 0.2219607843137255
10 0.15591826923076924 0.16577450980392158 0.08200961538461539 0.16884313725490194
8 0.11600961538461539 0.8873529411764706 0.10221153846153848 0.20372549019607838
1 0.5066153846153846 0.5117745098039216 0.4402307692307692 0.217235294117647
7 0.34548076923076926 0.39499999999999996 0.18615384615384617 0.12254901960784313
20 0.16389423076923076 0.4906862745098039 0.03836538461538462 0.19980392156862742
12 0.09239903846153846 0.4445 0.06885576923076925 0.13256862745098041
1 0.8809567307692308 0.5196078431372549 0.2380865384615385 0.2219607843137255
10 0.15591826923076924 0.16577450980392158 0.08200961538461539 0.16884313725490194
8 0.11600961538461539 0.8873529411764706 0.10221153846153848 0.20372549019607838
1 0.5066153846153846 0.5117745098039216 0.4402307692307692 0.217235294117647
7 0.34548076923076926 0.39499999999999996 0.18615384615384617 0.12254901960784313
20 0.16389423076923076 0.4906862745098039 0.03836538461538462 0.19980392156862742
12 0.09239903846153846 0.4445 0.06885576923076925 0.13256862745098041
