0 0.35351593625498007 0.4462451361867704 0.012051792828685282 0.020622568093385203
16 0.28369521912350604 0.5265758754863813 0.005139442231075722 0.04972762645914397
0 0.3886752988047809 0.45412451361867706 0.013446215139442231 0.024708171206225715
1 0.37196215139442235 0.42793774319066147 0.011254980079681285 0.03599221789883268
0 0.1776842629482072 0.47526264591439693 0.02969123505976096 0.04091439688715953
1 0.2942629482071713 0.4317023346303502 0.013047808764940261 0.035233463035019424
0 0.2915737051792829 0.4524221789883268 0.014043824701195242 0.021031128404669266
0 0.03268426294820717 0.519455252918288 0.06536852589641434 0.07976653696498054
16 0.6541085657370517 0.525136186770428 0.004093625498007982 0.04902723735408558
0 0.4003784860557769 0.46206225680933855 0.02035856573705179 0.03217898832684829
2 0.37749003984063745 0.43610894941634243 0.0127490039840637 0.026653696498054453
0 0.4504382470119522 0.5043871595330739 0.04354581673306775 0.06472762645914393
0 0.380906374501992 0.447023346303502 0.010657370517928276 0.019455252918287938
16 0.19397410358565736 0.530875486381323 0.005139442231075722 0.06315175097276271
3 0.24138446215139442 0.44475680933852146 0.052350597609561754 0.09531128404669256
