1 0.6747509960159364 0.6307392996108949 0.2977091633466135 0.3680933852140078
7 0.3069422310756972 0.3708365758754864 0.02619521912350599 0.03287937743190662
1 0.10127490039840638 0.43723735408560316 0.0344223107569721 0.0632295719844358
0 0.34863545816733066 0.4484922178988327 0.01647410358565739 0.02830739299610897
1 0.20112549800796814 0.4298054474708171 0.015836653386454187 0.0311284046692607
0 0.1412699203187251 0.44597276264591446 0.01879482071713148 0.02556420233463038
1 0.04160358565737052 0.4222373540856031 0.08320717131474104 0.06214007782101167
1 0.24383466135458168 0.4267801556420234 0.013745019920318737 0.02589494163424125
1 0.35187250996015934 0.4225778210116731 0.020079681274900424 0.03643968871595329
0 0.1887749003984064 0.4442801556420234 0.01484063745019918 0.020038910505836543
1 0.41258964143426297 0.4588132295719844 0.0895219123505976 0.17937743190661481
1 0.22530378486055774 0.42715953307392995 0.017101593625497995 0.029105058365758715
1 0.6747509960159364 0.6307392996108949 0.2977091633466135 0.3680933852140078
7 0.3069422310756972 0.3708365758754864 0.02619521912350599 0.03287937743190662
1 0.10127490039840638 0.43723735408560316 0.0344223107569721 0.0632295719844358
0 0.34863545816733066 0.4484922178988327 0.01647410358565739 0.02830739299610897
1 0.20112549800796814 0.4298054474708171 0.015836653386454187 0.0311284046692607
0 0.1412699203187251 0.44597276264591446 0.01879482071713148 0.02556420233463038
1 0.04160358565737052 0.4222373540856031 0.08320717131474104 0.06214007782101167
1 0.24383466135458168 0.4267801556420234 0.013745019920318737 0.02589494163424125
1 0.35187250996015934 0.4225778210116731 0.020079681274900424 0.03643968871595329
0 0.1887749003984064 0.4442801556420234 0.01484063745019918 0.020038910505836543
1 0.41258964143426297 0.4588132295719844 0.0895219123505976 0.17937743190661481
1 0.22530378486055774 0.42715953307392995 0.017101593625497995 0.029105058365758715
