0 0.060053921568627454 0.41779787234042554 0.04636274509803922 0.06185106382978722
12 0.6809705882352941 0.3456170212765957 0.046294117647058854 0.08748936170212766
0 0.15920098039215685 0.4823510638297872 0.08708823529411766 0.1476382978723404
2 0.28631862745098036 0.3551170212765957 0.033049019607843115 0.06636170212765957
3 0.05597058823529411 0.3632553191489362 0.07982352941176471 0.11519148936170216
3 0.6878333333333333 0.40044680851063824 0.3300196078431373 0.2846382978723404
1 0.20504901960784314 0.33668085106382983 0.0446078431372549 0.05685106382978723
2 0.25736764705882353 0.35382978723404257 0.028009803921568648 0.0778723404255319
1 0.32365196078431374 0.3648191489361702 0.035833333333333287 0.09887234042553192
5 0.4877058823529412 0.3621063829787234 0.011450980392156869 0.024297872340425564
0 0.24847549019607842 0.4046276595744681 0.03677450980392156 0.059255319148936156
8 0.487936274509804 0.3408191489361702 0.010598039215686276 0.022361702127659554
0 0.060053921568627454 0.41779787234042554 0.04636274509803922 0.06185106382978722
12 0.6809705882352941 0.3456170212765957 0.046294117647058854 0.08748936170212766
0 0.15920098039215685 0.4823510638297872 0.08708823529411766 0.1476382978723404
2 0.28631862745098036 0.3551170212765957 0.033049019607843115 0.06636170212765957
3 0.05597058823529411 0.3632553191489362 0.07982352941176471 0.11519148936170216
3 0.6878333333333333 0.40044680851063824 0.3300196078431373 0.2846382978723404
1 0.20504901960784314 0.33668085106382983 0.0446078431372549 0.05685106382978723
2 0.25736764705882353 0.35382978723404257 0.028009803921568648 0.0778723404255319
1 0.32365196078431374 0.3648191489361702 0.035833333333333287 0.09887234042553192
5 0.4877058823529412 0.3621063829787234 0.011450980392156869 0.024297872340425564
0 0.24847549019607842 0.4046276595744681 0.03677450980392156 0.059255319148936156
8 0.487936274509804 0.3408191489361702 0.010598039215686276 0.022361702127659554
