7 0.07450532724505328 0.45292740046838403 0.01598173515981735 0.02201405152224826
7 0.11777016742770167 0.5094613583138173 0.016210045662100464 0.02459016393442623
15 0.1740867579908676 0.5187353629976581 0.021689497716894976 0.06135831381733019
15 0.1487557077625571 0.5240281030444964 0.029124809741248085 0.08257611241217797
0 0.1145509893455099 0.5424121779859485 0.015220700152207 0.03302107728337235
15 0.08167808219178081 0.5315807962529274 0.04090563165905631 0.11983606557377047
2 0.26624048706240483 0.580632318501171 0.0471841704718417 0.12224824355971887
7 0.06967275494672755 0.41885245901639345 0.02199391171993912 0.05222482435597192
1 0.21839421613394214 0.5342622950819672 0.0956925418569254 0.12786885245901639
1 0.4596537290715373 0.5699531615925059 0.18102739726027392 0.4628103044496487
7 0.003995433789954338 0.5062060889929743 0.007990867579908675 0.03864168618266979
7 0.037747336377473364 0.4530327868852459 0.014611872146118724 0.019461358313817335
2 0.04056316590563166 0.5247072599531616 0.011567732115677317 0.03302107728337235
7 0.03200152207001522 0.4224707259953161 0.03066971080669711 0.040304449648711965
