0 0.1487857142857143 0.4676683937823834 0.08426530612244898 0.14031088082901552
7 0.3725561224489796 0.2168523316062176 0.040806122448979604 0.17976683937823837
18 0.8100867346938776 0.3397020725388601 0.07303061224489789 0.4237046632124353
12 0.37675000000000003 0.30045336787564764 0.01341836734693881 0.038678756476683916
12 0.1478265306122449 0.30045336787564764 0.016163265306122453 0.046813471502590694
0 0.11287244897959185 0.3803108808290156 0.035132653061224484 0.06787564766839382
0 0.17012755102040816 0.34022020725388596 0.023724489795918367 0.06023316062176162
0 0.18633673469387757 0.3330440414507772 0.017836734693877542 0.04479274611398962
1 0.12606632653061223 0.2933160621761658 0.057255102040816325 0.11129533678756474
2 0.30494897959183676 0.360479274611399 0.04030612244897959 0.1054663212435233
0 0.07645408163265308 0.39529792746113984 0.04994897959183674 0.09023316062176169
0 0.9425255102040816 0.45050518134715023 0.11494897959183671 0.16375647668393783
7 0.339219387755102 0.2937694300518135 0.009663265306122477 0.053860103626943025
0 0.15728571428571428 0.34712435233160627 0.02851020408163268 0.05523316062176168
1 0.0771530612244898 0.31194300518134715 0.0773265306122449 0.14036269430051815
0 0.1397857142857143 0.3573316062176166 0.026979591836734707 0.05911917098445598
0 0.031693877551020405 0.4202849740932643 0.06338775510204081 0.1033678756476684
0 0.056515306122448976 0.5903367875647668 0.11303061224489795 0.22968911917098445
1 0.17313775510204082 0.27594559585492223 0.03707142857142858 0.06893782383419689
