0 0.42992047713717696 0.7668861607142857 0.1001988071570576 0.13421875
18 0.6285288270377734 0.3702120535714286 0.017892644135188866 0.08060267857142854
18 0.7158200795228629 0.6090178571428572 0.015119284294234628 0.058169642857142864
10 0.7240904572564612 0.5476339285714286 0.0263717693836979 0.0574553571428571
18 0.5403578528827037 0.38002232142857145 0.01650099403578531 0.07924107142857142
0 0.6833001988071571 0.6608035714285714 0.02882703777335984 0.052232142857142935
1 0.10738568588469186 0.628404017857143 0.17242544731610335 0.12587053571428575
0 0.052331013916500996 0.8177566964285715 0.10466202783300199 0.18904017857142857
1 0.5356262425447316 0.6634709821428572 0.1072365805168986 0.14770089285714288
21 0.4843936381709741 0.7871205357142858 0.03697813121272365 0.036919642857142776
0 0.11362823061630219 0.9648325892857142 0.1330417495029821 0.0703348214285714
21 0.6273459244532803 0.7985156250000001 0.021888667992047695 0.03645089285714282
0 0.3150497017892644 0.870078125 0.16218687872763415 0.23662946428571427
0 0.49990059642147117 0.7143303571428571 0.06640159045725641 0.09633928571428577
2 0.29726640159045725 0.6697321428571429 0.12912524850894633 0.21187499999999998
0 0.6688469184890656 0.6771651785714285 0.03558648111332004 0.06593749999999991
1 0.6395675944333996 0.6655691964285715 0.06919483101391652 0.1733258928571428
0 0.043757455268389665 0.7382142857142858 0.08751491053677933 0.12566964285714288
0 0.42992047713717696 0.7668861607142857 0.1001988071570576 0.13421875
18 0.6285288270377734 0.3702120535714286 0.017892644135188866 0.08060267857142854
18 0.7158200795228629 0.6090178571428572 0.015119284294234628 0.058169642857142864
10 0.7240904572564612 0.5476339285714286 0.0263717693836979 0.0574553571428571
18 0.5403578528827037 0.38002232142857145 0.01650099403578531 0.07924107142857142
0 0.6833001988071571 0.6608035714285714 0.02882703777335984 0.052232142857142935
1 0.10738568588469186 0.628404017857143 0.17242544731610335 0.12587053571428575
0 0.052331013916500996 0.8177566964285715 0.10466202783300199 0.18904017857142857
1 0.5356262425447316 0.6634709821428572 0.1072365805168986 0.14770089285714288
21 0.4843936381709741 0.7871205357142858 0.03697813121272365 0.036919642857142776
0 0.11362823061630219 0.9648325892857142 0.1330417495029821 0.0703348214285714
21 0.6273459244532803 0.7985156250000001 0.021888667992047695 0.03645089285714282
0 0.3150497017892644 0.870078125 0.16218687872763415 0.23662946428571427
0 0.49990059642147117 0.7143303571428571 0.06640159045725641 0.09633928571428577
2 0.29726640159045725 0.6697321428571429 0.12912524850894633 0.21187499999999998
0 0.6688469184890656 0.6771651785714285 0.03558648111332004 0.06593749999999991
1 0.6395675944333996 0.6655691964285715 0.06919483101391652 0.1733258928571428
0 0.043757455268389665 0.7382142857142858 0.08751491053677933 0.12566964285714288
