11 0.6051789264413518 0.6055468749999999 0.011908548707753383 0.026406249999999964
0 0.19665009940357853 0.7080580357142858 0.06673956262425448 0.0852232142857143
0 0.28183896620278326 0.7224441964285714 0.07250497017892645 0.10689732142857153
0 0.4465506958250497 0.9614843750000001 0.21862823061630224 0.07703124999999998
0 0.29708250497017896 0.6695424107142858 0.03903578528827036 0.05868303571428576
0 0.33729125248508945 0.6920200892857142 0.0443638170974155 0.0680133928571428
2 0.0665755467196819 0.7179575892857143 0.1331510934393638 0.2390401785714285
7 0.7753976143141152 0.6843526785714287 0.029522862823061564 0.06209821428571427
6 0.5955367793240557 0.6062723214285715 0.009363817097415579 0.023169642857142847
1 0.46595427435387676 0.7956919642857143 0.15000000000000002 0.35683035714285705
0 0.25511431411530816 0.6886383928571428 0.04106361829025845 0.06245535714285718
0 0.15518886679920477 0.8079575892857143 0.12679920477137177 0.1738169642857143
0 0.37197813121272366 0.6714620535714285 0.03218687872763419 0.06020089285714292
