0 0.1860089463220676 0.6683705357142857 0.03549701789264412 0.045535714285714235
0 0.29318091451292244 0.6542410714285715 0.023359840954274354 0.03593749999999992
7 0.44753976143141155 0.6223214285714286 0.027246520874751518 0.07053571428571434
1 0.24120775347912526 0.6313839285714286 0.07543737574552685 0.12660714285714292
3 0.03957256461232605 0.6614620535714286 0.0791451292246521 0.16011160714285705
0 0.1860089463220676 0.6683705357142857 0.03549701789264412 0.045535714285714235
0 0.29318091451292244 0.6542410714285715 0.023359840954274354 0.03593749999999992
7 0.44753976143141155 0.6223214285714286 0.027246520874751518 0.07053571428571434
1 0.24120775347912526 0.6313839285714286 0.07543737574552685 0.12660714285714292
3 0.03957256461232605 0.6614620535714286 0.0791451292246521 0.16011160714285705
