1 0.2951491053677932 0.6150446428571428 0.02469184890656061 0.06017857142857138
0 0.1626789264413519 0.6818080357142857 0.04044731610337972 0.06450892857142852
0 0.16285288270377732 0.8136941964285713 0.12180914512922464 0.20386160714285712
0 0.11650596421471174 0.6979910714285714 0.06002982107355865 0.09017857142857137
0 0.185844930417495 0.6732142857142858 0.027932405566600392 0.05133928571428571
3 0.7918836978131213 0.7656473214285714 0.0812624254473161 0.06334821428571427
1 0.09886679920477139 0.6303571428571428 0.09493041749502983 0.14910714285714288
0 0.04110337972166998 0.7314397321428572 0.07485089463220676 0.13466517857142865
10 0.4241351888667992 0.6089285714285715 0.01252485089463223 0.030133928571428572
8 0.1481163021868787 0.6479910714285714 0.02026838966202782 0.044196428571428595
7 0.8272266401590458 0.6582366071428571 0.09333996023856857 0.06013392857142857
0 0.5987574552683896 0.7508370535714286 0.028628230616302142 0.02636160714285702
1 0.15263916500994038 0.6158482142857142 0.055377733598409536 0.10357142857142865
1 0.2951491053677932 0.6150446428571428 0.02469184890656061 0.06017857142857138
0 0.1626789264413519 0.6818080357142857 0.04044731610337972 0.06450892857142852
0 0.16285288270377732 0.8136941964285713 0.12180914512922464 0.20386160714285712
0 0.11650596421471174 0.6979910714285714 0.06002982107355865 0.09017857142857137
0 0.185844930417495 0.6732142857142858 0.027932405566600392 0.05133928571428571
3 0.7918836978131213 0.7656473214285714 0.0812624254473161 0.06334821428571427
1 0.09886679920477139 0.6303571428571428 0.09493041749502983 0.14910714285714288
0 0.04110337972166998 0.7314397321428572 0.07485089463220676 0.13466517857142865
10 0.4241351888667992 0.6089285714285715 0.01252485089463223 0.030133928571428572
8 0.1481163021868787 0.6479910714285714 0.02026838966202782 0.044196428571428595
7 0.8272266401590458 0.6582366071428571 0.09333996023856857 0.06013392857142857
0 0.5987574552683896 0.7508370535714286 0.028628230616302142 0.02636160714285702
1 0.15263916500994038 0.6158482142857142 0.055377733598409536 0.10357142857142865
