21 0.35306660039761434 0.761517857142857 0.020904572564612298 0.02696428571428568
18 0.33178429423459244 0.395859375 0.014721669980119286 0.07212053571428571
18 0.2532753479125248 0.3925 0.014721669980119286 0.07214285714285713
16 0.8354821073558648 0.6778571428571428 0.0033896620278330834 0.05366071428571421
0 0.2277982107355865 0.7165066964285715 0.05295228628230617 0.09243303571428564
0 0.25094433399602384 0.6886941964285713 0.0378727634194831 0.06069196428571428
1 0.5888966202783301 0.6256696428571428 0.25731610337972166 0.14999999999999997
0 0.26322564612326044 0.6674999999999999 0.032017892644135224 0.0491517857142858
16 0.4438866799204771 0.720044642857143 0.005009940357852903 0.07906250000000004
21 0.3938568588469185 0.9468638392857143 0.06495029821073556 0.10627232142857146
0 0.16840954274353878 0.7887165178571429 0.10135188866799205 0.16060267857142854
8 0.23467196819085487 0.6430133928571429 0.007554671968190849 0.029017857142857144
1 0.34006461232604374 0.6350558035714285 0.07832007952286284 0.25935267857142863
18 0.4089562624254473 0.6059933035714286 0.008767395626242538 0.053459821428571405
8 0.23471669980119284 0.6191964285714285 0.008240556660039781 0.016383928571428515
21 0.23235089463220676 0.7616852678571429 0.018399602385685877 0.0266294642857143
21 0.11715208747514909 0.9488392857142858 0.07267395626242544 0.10232142857142852
10 0.41377236580516896 0.5559933035714286 0.023310139165009985 0.04779017857142863
