0 0.22098906560636183 0.6505691964285714 0.03058648111332006 0.04801339285714284
0 0.24971669980119282 0.7377790178571428 0.07828031809145126 0.11618303571428575
0 0.34572564612326045 0.6370647321428571 0.01739562624254473 0.03216517857142863
7 0.37081510934393636 0.5096763392857142 0.024751491053677965 0.049575892857142874
0 0.3114264413518887 0.6692299107142857 0.031441351888667986 0.06310267857142852
0 0.2754025844930418 0.6536495535714286 0.02772365805168985 0.04256696428571427
0 0.22098906560636183 0.6505691964285714 0.03058648111332006 0.04801339285714284
0 0.24971669980119282 0.7377790178571428 0.07828031809145126 0.11618303571428575
0 0.34572564612326045 0.6370647321428571 0.01739562624254473 0.03216517857142863
7 0.37081510934393636 0.5096763392857142 0.024751491053677965 0.049575892857142874
0 0.3114264413518887 0.6692299107142857 0.031441351888667986 0.06310267857142852
0 0.2754025844930418 0.6536495535714286 0.02772365805168985 0.04256696428571427
