0 0.07931411530815109 0.7622879464285715 0.09982107355864811 0.12761160714285705
3 0.3129423459244533 0.6246986607142857 0.041312127236580516 0.08953125000000003
0 0.38701789264413516 0.6292410714285713 0.01341948310139165 0.024553571428571428
1 0.23884194831013913 0.6494419642857142 0.15879721669980115 0.34575892857142854
0 0.12213220675944333 0.6581584821428572 0.03358846918489065 0.04002232142857144
7 0.3517992047713717 0.5425446428571429 0.04353876739562625 0.032812499999999974
7 0.450765407554672 0.6163504464285714 0.008449304174950299 0.039040178571428594
0 0.1417047713717694 0.6430803571428572 0.02734592445328031 0.037276785714285686
7 0.550337972166998 0.6393415178571428 0.01980119284294242 0.10395089285714285
7 0.3918538767395626 0.5423660714285715 0.021858846918489074 0.03357142857142855
0 0.07931411530815109 0.7622879464285715 0.09982107355864811 0.12761160714285705
3 0.3129423459244533 0.6246986607142857 0.041312127236580516 0.08953125000000003
0 0.38701789264413516 0.6292410714285713 0.01341948310139165 0.024553571428571428
1 0.23884194831013913 0.6494419642857142 0.15879721669980115 0.34575892857142854
0 0.12213220675944333 0.6581584821428572 0.03358846918489065 0.04002232142857144
7 0.3517992047713717 0.5425446428571429 0.04353876739562625 0.032812499999999974
7 0.450765407554672 0.6163504464285714 0.008449304174950299 0.039040178571428594
0 0.1417047713717694 0.6430803571428572 0.02734592445328031 0.037276785714285686
7 0.550337972166998 0.6393415178571428 0.01980119284294242 0.10395089285714285
7 0.3918538767395626 0.5423660714285715 0.021858846918489074 0.03357142857142855
