0 0.3605294117647059 0.4748723404255319 0.036980392156862774 0.05451063829787235
5 0.34376960784313726 0.4099042553191489 0.01167647058823532 0.02359574468085101
5 0.5300980392156863 0.4070212765957447 0.01039215686274512 0.021702127659574504
21 0.05366666666666667 0.7985106382978723 0.10733333333333334 0.1389787234042553
0 0.3676960784313726 0.5746808510638298 0.0785294117647059 0.1280851063829787
0 0.3828970588235294 0.5029787234042553 0.047147058823529445 0.07914893617021274
1 0.9122401960784314 0.4236382978723405 0.15022549019607845 0.08719148936170211
0 0.4325 0.4762659574468085 0.04029411764705879 0.055978723404255325
0 0.5281666666666667 0.4552765957446808 0.04515686274509798 0.04161702127659575
21 0.3800294117647059 0.8054148936170212 0.060607843137254896 0.1524893617021277
3 0.056475490196078434 0.42492553191489363 0.07883333333333332 0.06206382978723408
1 0.03294117647058824 0.42888297872340425 0.06588235294117648 0.13372340425531914
0 0.5132843137254901 0.4626595744680851 0.03166666666666673 0.0427659574468085
1 0.6315196078431373 0.4241489361702128 0.10794117647058826 0.10404255319148938
0 0.3605294117647059 0.4748723404255319 0.036980392156862774 0.05451063829787235
5 0.34376960784313726 0.4099042553191489 0.01167647058823532 0.02359574468085101
5 0.5300980392156863 0.4070212765957447 0.01039215686274512 0.021702127659574504
21 0.05366666666666667 0.7985106382978723 0.10733333333333334 0.1389787234042553
0 0.3676960784313726 0.5746808510638298 0.0785294117647059 0.1280851063829787
0 0.3828970588235294 0.5029787234042553 0.047147058823529445 0.07914893617021274
1 0.9122401960784314 0.4236382978723405 0.15022549019607845 0.08719148936170211
0 0.4325 0.4762659574468085 0.04029411764705879 0.055978723404255325
0 0.5281666666666667 0.4552765957446808 0.04515686274509798 0.04161702127659575
21 0.3800294117647059 0.8054148936170212 0.060607843137254896 0.1524893617021277
3 0.056475490196078434 0.42492553191489363 0.07883333333333332 0.06206382978723408
1 0.03294117647058824 0.42888297872340425 0.06588235294117648 0.13372340425531914
0 0.5132843137254901 0.4626595744680851 0.03166666666666673 0.0427659574468085
1 0.6315196078431373 0.4241489361702128 0.10794117647058826 0.10404255319148938
