0 0.19478131212723657 0.6449776785714286 0.024552683896620294 0.03415178571428574
0 0.2430417495029821 0.6391741071428572 0.016103379721669968 0.030580357142857117
0 0.3359741550695825 0.6270758928571428 0.010516898608349885 0.020401785714285685
1 0.3677435387673957 0.6254464285714285 0.04045725646123259 0.12991071428571432
3 0.1124751491053678 0.6387723214285713 0.11819085487077534 0.1653125
1 0.2868638170974155 0.6062723214285715 0.021500994035785283 0.04352678571428571
0 0.28605367793240555 0.6273437499999999 0.011928429423459244 0.0183035714285714
16 0.5853827037773359 0.7409040178571428 0.005775347912524796 0.0871651785714286
0 0.29289264413518884 0.6752232142857143 0.03310139165009941 0.05848214285714296
0 0.22921471172962227 0.6374888392857143 0.01210735586481114 0.025022321428571383
0 0.19478131212723657 0.6449776785714286 0.024552683896620294 0.03415178571428574
0 0.2430417495029821 0.6391741071428572 0.016103379721669968 0.030580357142857117
0 0.3359741550695825 0.6270758928571428 0.010516898608349885 0.020401785714285685
1 0.3677435387673957 0.6254464285714285 0.04045725646123259 0.12991071428571432
3 0.1124751491053678 0.6387723214285713 0.11819085487077534 0.1653125
1 0.2868638170974155 0.6062723214285715 0.021500994035785283 0.04352678571428571
0 0.28605367793240555 0.6273437499999999 0.011928429423459244 0.0183035714285714
16 0.5853827037773359 0.7409040178571428 0.005775347912524796 0.0871651785714286
0 0.29289264413518884 0.6752232142857143 0.03310139165009941 0.05848214285714296
0 0.22921471172962227 0.6374888392857143 0.01210735586481114 0.025022321428571383
