1 0.10308151093439363 0.6208705357142856 0.08230616302186879 0.13906250000000003
0 0.23148608349900596 0.6189732142857142 0.009453280318091442 0.01852678571428574
0 0.2838469184890656 0.6414955357142856 0.01948310139165012 0.03236607142857143
0 0.2705318091451292 0.6698102678571428 0.03120278330019885 0.0537723214285715
1 0.19348906560636184 0.6127008928571429 0.028031809145129212 0.06808035714285714
1 0.341734592445328 0.6188950892857142 0.04553677932405567 0.1385044642857143
7 0.28835984095427436 0.47368303571428566 0.03174950298210735 0.06522321428571429
0 0.2929920477137177 0.6167187499999999 0.012127236580516943 0.019866071428571504
7 0.32909045725646124 0.4765401785714286 0.0326540755467197 0.06602678571428575
16 0.9840308151093439 0.921674107142857 0.02645129224652089 0.15665178571428573
16 0.4642296222664016 0.6743750000000001 0.00480119284294233 0.05660714285714289
0 0.28134194831013914 0.6261160714285714 0.013916500994035786 0.0234375
0 0.14020874751491055 0.6699776785714285 0.041650099403578535 0.052901785714285686
1 0.20926938369781312 0.6077008928571429 0.013926441351888658 0.04330357142857138
1 0.10308151093439363 0.6208705357142856 0.08230616302186879 0.13906250000000003
0 0.23148608349900596 0.6189732142857142 0.009453280318091442 0.01852678571428574
0 0.2838469184890656 0.6414955357142856 0.01948310139165012 0.03236607142857143
0 0.2705318091451292 0.6698102678571428 0.03120278330019885 0.0537723214285715
1 0.19348906560636184 0.6127008928571429 0.028031809145129212 0.06808035714285714
1 0.341734592445328 0.6188950892857142 0.04553677932405567 0.1385044642857143
7 0.28835984095427436 0.47368303571428566 0.03174950298210735 0.06522321428571429
0 0.2929920477137177 0.6167187499999999 0.012127236580516943 0.019866071428571504
7 0.32909045725646124 0.4765401785714286 0.0326540755467197 0.06602678571428575
16 0.9840308151093439 0.921674107142857 0.02645129224652089 0.15665178571428573
16 0.4642296222664016 0.6743750000000001 0.00480119284294233 0.05660714285714289
0 0.28134194831013914 0.6261160714285714 0.013916500994035786 0.0234375
0 0.14020874751491055 0.6699776785714285 0.041650099403578535 0.052901785714285686
1 0.20926938369781312 0.6077008928571429 0.013926441351888658 0.04330357142857138
