0 0.4797465208747515 0.6711272321428571 0.03786282306163025 0.06645089285714294
6 0.7118588469184891 0.6062723214285715 0.017833001988071626 0.03937499999999997
6 0.28249005964214713 0.6109486607142857 0.015019880715705779 0.03542410714285715
1 0.5519880715705765 0.6296875000000001 0.06560636182902585 0.2049107142857143
0 0.49233598409542745 0.6302455357142858 0.01415506958250498 0.024999999999999974
0 0.37029324055666 0.6868638392857144 0.04963220675944335 0.07600446428571431
0 0.37909542743538766 0.6319642857142858 0.014811133200795206 0.025803571428571433
0 0.40561630218687866 0.6219419642857142 0.0077534791252485205 0.016071428571428674
1 0.2734741550695825 0.6189732142857143 0.08730616302186878 0.1241071428571429
0 0.4637027833001988 0.6337611607142858 0.013747514910536763 0.027566964285714337
0 0.3435884691848906 0.6488392857142857 0.028548707753479095 0.04160714285714283
0 0.4797465208747515 0.6711272321428571 0.03786282306163025 0.06645089285714294
6 0.7118588469184891 0.6062723214285715 0.017833001988071626 0.03937499999999997
6 0.28249005964214713 0.6109486607142857 0.015019880715705779 0.03542410714285715
1 0.5519880715705765 0.6296875000000001 0.06560636182902585 0.2049107142857143
0 0.49233598409542745 0.6302455357142858 0.01415506958250498 0.024999999999999974
0 0.37029324055666 0.6868638392857144 0.04963220675944335 0.07600446428571431
0 0.37909542743538766 0.6319642857142858 0.014811133200795206 0.025803571428571433
0 0.40561630218687866 0.6219419642857142 0.0077534791252485205 0.016071428571428674
1 0.2734741550695825 0.6189732142857143 0.08730616302186878 0.1241071428571429
0 0.4637027833001988 0.6337611607142858 0.013747514910536763 0.027566964285714337
0 0.3435884691848906 0.6488392857142857 0.028548707753479095 0.04160714285714283
