0 0.3919897959183673 0.3224093264248704 0.013367346938775476 0.02668393782383419
0 0.33864285714285713 0.30944300518134715 0.012244897959183673 0.022564766839378223
3 0.30183673469387756 0.32810880829015543 0.04795918367346939 0.12875647668393783
1 0.18915816326530613 0.3113989637305699 0.058622448979591825 0.10310880829015544
0 0.14162244897959186 0.3788860103626943 0.04773469387755102 0.06709844559585486
13 0.5533316326530612 0.31494818652849743 0.06645918367346944 0.1851295336787565
0 0.23470918367346938 0.33989637305699477 0.0235 0.04352331606217616
0 0.07339795918367346 0.6311917098445595 0.14626530612244898 0.26134715025906735
0 0.25312244897959185 0.3249222797927461 0.018448979591836747 0.03015544041450781
3 0.4155867346938775 0.298639896373057 0.016112244897959205 0.042616580310880836
16 0.8316530612244898 0.6598445595854923 0.024693877551020454 0.2274611398963731
0 0.3919897959183673 0.3224093264248704 0.013367346938775476 0.02668393782383419
0 0.33864285714285713 0.30944300518134715 0.012244897959183673 0.022564766839378223
3 0.30183673469387756 0.32810880829015543 0.04795918367346939 0.12875647668393783
1 0.18915816326530613 0.3113989637305699 0.058622448979591825 0.10310880829015544
0 0.14162244897959186 0.3788860103626943 0.04773469387755102 0.06709844559585486
13 0.5533316326530612 0.31494818652849743 0.06645918367346944 0.1851295336787565
0 0.23470918367346938 0.33989637305699477 0.0235 0.04352331606217616
0 0.07339795918367346 0.6311917098445595 0.14626530612244898 0.26134715025906735
0 0.25312244897959185 0.3249222797927461 0.018448979591836747 0.03015544041450781
3 0.4155867346938775 0.298639896373057 0.016112244897959205 0.042616580310880836
16 0.8316530612244898 0.6598445595854923 0.024693877551020454 0.2274611398963731
