1 0.25111332007952286 0.5929687499999999 0.035825049701789256 0.060491071428571415
0 0.19447813121272364 0.6220870535714286 0.022574552683896628 0.03426339285714291
16 0.5838568588469184 0.739375 0.007554671968190877 0.09843750000000005
0 0.28246023856858843 0.6036383928571428 0.012614314115308148 0.019776785714285743
1 0.15427435387673955 0.6051339285714287 0.05546719681908548 0.09821428571428578
1 0.38359343936381707 0.5900892857142858 0.02376739562624257 0.028794642857142807
0 0.0415506958250497 0.6606473214285715 0.04632206759443339 0.06549107142857137
2 0.3170924453280318 0.5944196428571428 0.01706759443339956 0.029196428571428536
1 0.25111332007952286 0.5929687499999999 0.035825049701789256 0.060491071428571415
0 0.19447813121272364 0.6220870535714286 0.022574552683896628 0.03426339285714291
16 0.5838568588469184 0.739375 0.007554671968190877 0.09843750000000005
0 0.28246023856858843 0.6036383928571428 0.012614314115308148 0.019776785714285743
1 0.15427435387673955 0.6051339285714287 0.05546719681908548 0.09821428571428578
1 0.38359343936381707 0.5900892857142858 0.02376739562624257 0.028794642857142807
0 0.0415506958250497 0.6606473214285715 0.04632206759443339 0.06549107142857137
2 0.3170924453280318 0.5944196428571428 0.01706759443339956 0.029196428571428536
