1 0.6017211538461538 0.4620392156862745 0.04905769230769229 0.03945098039215682
1 0.051576923076923076 0.48730392156862745 0.10315384615384615 0.1677450980392157
1 0.5076153846153846 0.46815686274509805 0.04726923076923079 0.052705882352941165
0 0.20256730769230769 0.516421568627451 0.03563461538461539 0.037352941176470554
6 0.3292307692307692 0.47009803921568627 0.012884615384615418 0.023725490196078475
6 0.6385625 0.4689509803921568 0.014413461538461547 0.029156862745098048
0 0.49450480769230765 0.49186274509803923 0.022144230769230742 0.025294117647058835
1 0.43703846153846154 0.47320588235294114 0.06630769230769229 0.07201960784313724
1 0.3169375 0.48490196078431375 0.09381730769230769 0.08352941176470592
0 0.2257980769230769 0.5190882352941176 0.04744230769230769 0.05711764705882358
2 0.5533076923076924 0.4703627450980392 0.024923076923076885 0.040019607843137246
1 0.6017211538461538 0.4620392156862745 0.04905769230769229 0.03945098039215682
1 0.051576923076923076 0.48730392156862745 0.10315384615384615 0.1677450980392157
1 0.5076153846153846 0.46815686274509805 0.04726923076923079 0.052705882352941165
0 0.20256730769230769 0.516421568627451 0.03563461538461539 0.037352941176470554
6 0.3292307692307692 0.47009803921568627 0.012884615384615418 0.023725490196078475
6 0.6385625 0.4689509803921568 0.014413461538461547 0.029156862745098048
0 0.49450480769230765 0.49186274509803923 0.022144230769230742 0.025294117647058835
1 0.43703846153846154 0.47320588235294114 0.06630769230769229 0.07201960784313724
1 0.3169375 0.48490196078431375 0.09381730769230769 0.08352941176470592
0 0.2257980769230769 0.5190882352941176 0.04744230769230769 0.05711764705882358
2 0.5533076923076924 0.4703627450980392 0.024923076923076885 0.040019607843137246
