0 0.22332504970178926 0.7061160714285715 0.035715705765407564 0.0617857142857143
0 0.11701789264413519 0.6693973214285714 0.02248508946322068 0.03950892857142855
0 0.09724652087475151 0.6928013392857143 0.029741550695825052 0.052120535714285765
1 0.1429423459244533 0.6369866071428572 0.015904572564612324 0.04834821428571422
1 0.16983598409542747 0.6419308035714286 0.01889662027833004 0.04948660714285718
0 0.22332504970178926 0.7061160714285715 0.035715705765407564 0.0617857142857143
0 0.11701789264413519 0.6693973214285714 0.02248508946322068 0.03950892857142855
0 0.09724652087475151 0.6928013392857143 0.029741550695825052 0.052120535714285765
1 0.1429423459244533 0.6369866071428572 0.015904572564612324 0.04834821428571422
1 0.16983598409542747 0.6419308035714286 0.01889662027833004 0.04948660714285718
