19 0.336182902584493 0.48470982142857144 0.005566600397614337 0.03415178571428574
0 0.2789165009940358 0.7188727678571428 0.05620278330019883 0.1084598214285715
0 0.44229125248508944 0.9253348214285715 0.16690854870775346 0.14933035714285708
0 0.3443936381709742 0.6518526785714285 0.0199801192842942 0.03258928571428564
1 0.4084443339960238 0.6555803571428571 0.10615308151093442 0.36830357142857145
0 0.4188270377733599 0.8564508928571428 0.10936381709741555 0.18669642857142854
0 0.08090954274353876 0.9115401785714285 0.16181908548707752 0.17691964285714284
7 0.7620477137176939 0.5156138392857142 0.17371769383697813 0.11252232142857142
11 0.5843190854870776 0.6067299107142857 0.039512922465208745 0.08649553571428571
19 0.336182902584493 0.48470982142857144 0.005566600397614337 0.03415178571428574
0 0.2789165009940358 0.7188727678571428 0.05620278330019883 0.1084598214285715
0 0.44229125248508944 0.9253348214285715 0.16690854870775346 0.14933035714285708
0 0.3443936381709742 0.6518526785714285 0.0199801192842942 0.03258928571428564
1 0.4084443339960238 0.6555803571428571 0.10615308151093442 0.36830357142857145
0 0.4188270377733599 0.8564508928571428 0.10936381709741555 0.18669642857142854
0 0.08090954274353876 0.9115401785714285 0.16181908548707752 0.17691964285714284
7 0.7620477137176939 0.5156138392857142 0.17371769383697813 0.11252232142857142
11 0.5843190854870776 0.6067299107142857 0.039512922465208745 0.08649553571428571
