0 0.0875248508946322 0.8813950892857143 0.15815109343936382 0.2372098214285714
10 0.41436381709741554 0.5727901785714286 0.021172962226640172 0.039285714285714333
18 0.2711133200795229 0.4297098214285714 0.01383697813121274 0.06040178571428572
0 0.2047216699801193 0.7698660714285713 0.0828031809145129 0.12723214285714285
0 0.08932902584493042 0.6724218750000001 0.05002982107355865 0.0649776785714286
0 0.3704274353876739 0.7887165178571429 0.07166998011928426 0.1336830357142858
0 0.13763419483101388 0.6898660714285715 0.04699801192842942 0.05955357142857132
0 0.3640208747514911 0.7372544642857142 0.05585487077534791 0.08575892857142861
18 0.4097713717693837 0.6185267857142858 0.007574552683896625 0.048660714285714314
0 0.24368290258449304 0.7254129464285715 0.05595427435387676 0.09470982142857144
0 0.3021371769383698 0.6555803571428571 0.018389662027833 0.032589285714285765
0 0.23203777335984097 0.6587053571428572 0.025646123260437387 0.03839285714285712
1 0.31906560636182907 0.6254017857142856 0.014811133200795263 0.03861607142857145
21 0.39506958250497015 0.9838727678571428 0.025248508946322044 0.03225446428571426
3 0.2668141153081511 0.6543080357142858 0.054522862823061596 0.13933035714285705
0 0.30691848906560637 0.6464955357142858 0.01739562624254473 0.03035714285714291
0 0.295506958250497 0.6625669642857143 0.021371769383697812 0.03705357142857148
18 0.3409642147117296 0.4297098214285714 0.013061630218687859 0.06156250000000003
1 0.358300198807157 0.6404910714285714 0.0621272365805169 0.21232142857142858
0 0.0875248508946322 0.8813950892857143 0.15815109343936382 0.2372098214285714
10 0.41436381709741554 0.5727901785714286 0.021172962226640172 0.039285714285714333
18 0.2711133200795229 0.4297098214285714 0.01383697813121274 0.06040178571428572
0 0.2047216699801193 0.7698660714285713 0.0828031809145129 0.12723214285714285
0 0.08932902584493042 0.6724218750000001 0.05002982107355865 0.0649776785714286
0 0.3704274353876739 0.7887165178571429 0.07166998011928426 0.1336830357142858
0 0.13763419483101388 0.6898660714285715 0.04699801192842942 0.05955357142857132
0 0.3640208747514911 0.7372544642857142 0.05585487077534791 0.08575892857142861
18 0.4097713717693837 0.6185267857142858 0.007574552683896625 0.048660714285714314
0 0.24368290258449304 0.7254129464285715 0.05595427435387676 0.09470982142857144
0 0.3021371769383698 0.6555803571428571 0.018389662027833 0.032589285714285765
0 0.23203777335984097 0.6587053571428572 0.025646123260437387 0.03839285714285712
1 0.31906560636182907 0.6254017857142856 0.014811133200795263 0.03861607142857145
21 0.39506958250497015 0.9838727678571428 0.025248508946322044 0.03225446428571426
3 0.2668141153081511 0.6543080357142858 0.054522862823061596 0.13933035714285705
0 0.30691848906560637 0.6464955357142858 0.01739562624254473 0.03035714285714291
0 0.295506958250497 0.6625669642857143 0.021371769383697812 0.03705357142857148
18 0.3409642147117296 0.4297098214285714 0.013061630218687859 0.06156250000000003
1 0.358300198807157 0.6404910714285714 0.0621272365805169 0.21232142857142858
