3 0.17190357852882704 0.6667857142857143 0.08595427435387674 0.19741071428571427
0 0.20886182902584494 0.6810825892857143 0.03897614314115309 0.060647321428571335
0 0.14742544731610338 0.7474888392857143 0.07558648111332009 0.12412946428571432
1 0.2844532803180915 0.617578125 0.022365805168986085 0.07533482142857142
0 0.28592445328031807 0.6469866071428572 0.018926441351888687 0.034687500000000045
0 0.10004473161033797 0.7960491071428571 0.11167992047713717 0.15535714285714292
1 0.241610337972167 0.6265736607142857 0.03823061630218689 0.09399553571428575
0 0.23264910536779326 0.6600446428571429 0.028260437375745507 0.04482142857142853
11 0.9527335984095427 0.5943638392857142 0.09453280318091453 0.3600223214285715
0 0.2206361829025845 0.6700558035714286 0.029622266401590467 0.058058035714285694
3 0.17190357852882704 0.6667857142857143 0.08595427435387674 0.19741071428571427
0 0.20886182902584494 0.6810825892857143 0.03897614314115309 0.060647321428571335
0 0.14742544731610338 0.7474888392857143 0.07558648111332009 0.12412946428571432
1 0.2844532803180915 0.617578125 0.022365805168986085 0.07533482142857142
0 0.28592445328031807 0.6469866071428572 0.018926441351888687 0.034687500000000045
0 0.10004473161033797 0.7960491071428571 0.11167992047713717 0.15535714285714292
1 0.241610337972167 0.6265736607142857 0.03823061630218689 0.09399553571428575
0 0.23264910536779326 0.6600446428571429 0.028260437375745507 0.04482142857142853
11 0.9527335984095427 0.5943638392857142 0.09453280318091453 0.3600223214285715
0 0.2206361829025845 0.6700558035714286 0.029622266401590467 0.058058035714285694
