2 0.14765407554671967 0.7639174107142858 0.16874751491053677 0.3339955357142857
1 0.35584990059642146 0.6027008928571428 0.024264413518886706 0.07879464285714288
0 0.36032803180914513 0.6861383928571428 0.03755467196819083 0.0712053571428571
20 0.41616302186878723 0.5962500000000001 0.008230616302186909 0.047410714285714306
20 0.27296222664015907 0.40071428571428575 0.013598409542743545 0.06669642857142856
2 0.3862226640159046 0.6321428571428571 0.06596421471172964 0.06776785714285717
1 0.06506461232604374 0.7436830357142857 0.13012922465208748 0.5126339285714285
1 0.23375745526838962 0.6266517857142857 0.12572564612326043 0.27513392857142854
0 0.2054721669980119 0.7636049107142858 0.060288270377733606 0.14270089285714288
20 0.3457256461232604 0.4016517857142857 0.013598409542743545 0.06669642857142856
2 0.14765407554671967 0.7639174107142858 0.16874751491053677 0.3339955357142857
1 0.35584990059642146 0.6027008928571428 0.024264413518886706 0.07879464285714288
0 0.36032803180914513 0.6861383928571428 0.03755467196819083 0.0712053571428571
20 0.41616302186878723 0.5962500000000001 0.008230616302186909 0.047410714285714306
20 0.27296222664015907 0.40071428571428575 0.013598409542743545 0.06669642857142856
2 0.3862226640159046 0.6321428571428571 0.06596421471172964 0.06776785714285717
1 0.06506461232604374 0.7436830357142857 0.13012922465208748 0.5126339285714285
1 0.23375745526838962 0.6266517857142857 0.12572564612326043 0.27513392857142854
0 0.2054721669980119 0.7636049107142858 0.060288270377733606 0.14270089285714288
20 0.3457256461232604 0.4016517857142857 0.013598409542743545 0.06669642857142856
