10 0.41761431411530814 0.6279464285714286 0.013021868787276365 0.03035714285714291
3 0.3591948310139165 0.5872767857142858 0.0201789264413519 0.06339285714285715
0 0.3048906560636183 0.6830691964285714 0.029125248508946332 0.05770089285714291
0 0.24684890656063616 0.7867522321428572 0.06176938369781311 0.10470982142857148
1 0.22750994035785288 0.6436383928571429 0.0797713717693837 0.06718749999999993
0 0.282037773359841 0.725859375 0.038707753479125244 0.07194196428571432
10 0.41761431411530814 0.6279464285714286 0.013021868787276365 0.03035714285714291
3 0.3591948310139165 0.5872767857142858 0.0201789264413519 0.06339285714285715
0 0.3048906560636183 0.6830691964285714 0.029125248508946332 0.05770089285714291
0 0.24684890656063616 0.7867522321428572 0.06176938369781311 0.10470982142857148
1 0.22750994035785288 0.6436383928571429 0.0797713717693837 0.06718749999999993
0 0.282037773359841 0.725859375 0.038707753479125244 0.07194196428571432
