0 0.25577460510328065 0.8877821316614419 0.15061360874848118 0.22443573667711597
0 0.418368772782503 0.6411912225705328 0.03267922235722963 0.0341065830721003
0 0.3717496962332928 0.6433150470219435 0.041506682867557675 0.0355329153605015
0 0.3097782503037667 0.6460344827586206 0.05066221142162822 0.04068965517241376
0 0.2300577156743621 0.7301018808777429 0.05321385176184692 0.10647335423197493
0 0.2246081409477521 0.6956896551724139 0.03903402187120292 0.0653605015673981
5 0.25767314702308625 0.5914106583072101 0.01020656136087482 0.023605015673981194
0 0.24899756986634267 0.7647492163009404 0.0767922235722965 0.11789968652037613
0 0.23174058323207777 0.6743495297805643 0.028657351154313462 0.05854231974921634
0 0.5058140947752127 0.6333620689655172 0.03205346294046172 0.03211598746081506
0 0.2185145808019441 0.6549137931034483 0.03487849331713242 0.060611285266457704
0 0.25850243013365737 0.6507366771159874 0.036616038882138505 0.04598746081504698
0 0.466230255164034 0.637014106583072 0.03404009720534628 0.03202194357366772
3 0.2865340218712029 0.6157680250783699 0.10781895504252735 0.09642633228840122
1 0.1924635479951397 0.632562695924765 0.0656561360874848 0.07164576802507834
1 0.0982381530984204 0.6321081504702194 0.1400850546780073 0.24384012539184952
0 0.25577460510328065 0.8877821316614419 0.15061360874848118 0.22443573667711597
0 0.418368772782503 0.6411912225705328 0.03267922235722963 0.0341065830721003
0 0.3717496962332928 0.6433150470219435 0.041506682867557675 0.0355329153605015
0 0.3097782503037667 0.6460344827586206 0.05066221142162822 0.04068965517241376
0 0.2300577156743621 0.7301018808777429 0.05321385176184692 0.10647335423197493
0 0.2246081409477521 0.6956896551724139 0.03903402187120292 0.0653605015673981
5 0.25767314702308625 0.5914106583072101 0.01020656136087482 0.023605015673981194
0 0.24899756986634267 0.7647492163009404 0.0767922235722965 0.11789968652037613
0 0.23174058323207777 0.6743495297805643 0.028657351154313462 0.05854231974921634
0 0.5058140947752127 0.6333620689655172 0.03205346294046172 0.03211598746081506
0 0.2185145808019441 0.6549137931034483 0.03487849331713242 0.060611285266457704
0 0.25850243013365737 0.6507366771159874 0.036616038882138505 0.04598746081504698
0 0.466230255164034 0.637014106583072 0.03404009720534628 0.03202194357366772
3 0.2865340218712029 0.6157680250783699 0.10781895504252735 0.09642633228840122
1 0.1924635479951397 0.632562695924765 0.0656561360874848 0.07164576802507834
1 0.0982381530984204 0.6321081504702194 0.1400850546780073 0.24384012539184952
