0 0.4973602673147023 0.9011598746081505 0.16045565006075335 0.19768025078369908
0 0.5480072904009721 0.6489655172413793 0.02332928311057107 0.035109717868338615
0 0.5059113001215066 0.7364576802507837 0.06093560145808017 0.1137931034482759
0 0.5239489671931957 0.6518652037617555 0.020899149453219912 0.037774294670846434
1 0.4363487241798299 0.638949843260188 0.04839611178614822 0.12115987460815049
1 0.49738760631834755 0.6683150470219436 0.05465370595382742 0.1314576802507837
0 0.5726427703523693 0.643166144200627 0.028614823815309855 0.036677115987460866
0 0.4953797083839611 0.7859090909090909 0.0969562575941677 0.1547962382445141
1 0.3869076549210206 0.6398824451410658 0.10565006075334142 0.2800783699059561
0 0.6122235722964763 0.6444984326018809 0.027946537059538274 0.0315047021943574
1 0.1862089914945322 0.6152821316614421 0.3724179829890644 0.769435736677116
0 0.4973602673147023 0.9011598746081505 0.16045565006075335 0.19768025078369908
0 0.5480072904009721 0.6489655172413793 0.02332928311057107 0.035109717868338615
0 0.5059113001215066 0.7364576802507837 0.06093560145808017 0.1137931034482759
0 0.5239489671931957 0.6518652037617555 0.020899149453219912 0.037774294670846434
1 0.4363487241798299 0.638949843260188 0.04839611178614822 0.12115987460815049
1 0.49738760631834755 0.6683150470219436 0.05465370595382742 0.1314576802507837
0 0.5726427703523693 0.643166144200627 0.028614823815309855 0.036677115987460866
0 0.4953797083839611 0.7859090909090909 0.0969562575941677 0.1547962382445141
1 0.3869076549210206 0.6398824451410658 0.10565006075334142 0.2800783699059561
0 0.6122235722964763 0.6444984326018809 0.027946537059538274 0.0315047021943574
1 0.1862089914945322 0.6152821316614421 0.3724179829890644 0.769435736677116
