0 0.3889580801944107 0.6559717868338558 0.03702916160388824 0.03758620689655175
0 0.2751944106925881 0.9101645768025077 0.16582017010935604 0.1776959247648903
0 0.24793134872417985 0.7755564263322884 0.0755832320777643 0.15421630094043884
0 0.3581287970838396 0.6387068965517242 0.025662211421628195 0.02509404388714732
2 0.32971749696233293 0.655101880877743 0.03582624544349941 0.055940438871473354
2 0.2967466585662212 0.6627978056426332 0.02885176184690162 0.06365203761755488
0 0.3567375455650061 0.6594592476489028 0.027691373025516428 0.03844827586206892
0 0.2622539489671932 0.7121003134796238 0.04171324422843258 0.08457680250783704
2 0.2680498177399757 0.6583777429467085 0.04166464155528553 0.10387147335423194
1 0.726922843256379 0.6263871473354232 0.15125759416767923 0.09362068965517244
