0 0.5895443499392466 0.9166927899686521 0.19733900364520043 0.16661442006269586
0 0.716357837181045 0.6447413793103449 0.027624544349939124 0.03713166144200627
1 0.5677126366950183 0.6203605015673981 0.0734933171324423 0.1927586206896551
0 0.7405498177399756 0.6449137931034482 0.030504252733900387 0.03562695924764893
0 0.6474149453219927 0.7795924764890282 0.0784143377885784 0.15855799373040758
0 0.6113942891859052 0.8415752351097178 0.14016403402187122 0.21637931034482769
0 0.7790340218712029 0.643832288401254 0.038444714459295246 0.034373040752351106
1 0.47010631834750916 0.6523746081504702 0.15998177399756988 0.40678683385579945
1 0.6432685297691373 0.678769592476489 0.08329283110571076 0.17694357366771157
0 0.6964185905224788 0.6452037617554859 0.021111786148238155 0.04018808777429465
3 0.2211208991494532 0.6380172413793104 0.4422417982989064 0.7199843260188088
0 0.5895443499392466 0.9166927899686521 0.19733900364520043 0.16661442006269586
0 0.716357837181045 0.6447413793103449 0.027624544349939124 0.03713166144200627
1 0.5677126366950183 0.6203605015673981 0.0734933171324423 0.1927586206896551
0 0.7405498177399756 0.6449137931034482 0.030504252733900387 0.03562695924764893
0 0.6474149453219927 0.7795924764890282 0.0784143377885784 0.15855799373040758
0 0.6113942891859052 0.8415752351097178 0.14016403402187122 0.21637931034482769
0 0.7790340218712029 0.643832288401254 0.038444714459295246 0.034373040752351106
1 0.47010631834750916 0.6523746081504702 0.15998177399756988 0.40678683385579945
1 0.6432685297691373 0.678769592476489 0.08329283110571076 0.17694357366771157
0 0.6964185905224788 0.6452037617554859 0.021111786148238155 0.04018808777429465
3 0.2211208991494532 0.6380172413793104 0.4422417982989064 0.7199843260188088
