0 0.17421428571428574 0.34823834196891196 0.027959183673469393 0.04362694300518136
0 0.2458979591836735 0.31971502590673573 0.015102040816326514 0.024870466321243546
1 0.030474489795918366 0.3152849740932643 0.06094897959183673 0.17927461139896378
1 0.26260204081632654 0.29987046632124353 0.02724489795918366 0.04948186528497408
0 0.22671428571428573 0.3231347150259067 0.014571428571428572 0.027979274611398958
0 0.3081122448979592 0.3295336787564767 0.01479591836734694 0.029015544041450823
3 0.00981122448979592 0.3461269430051814 0.01962244897959184 0.21753886010362694
0 0.20344897959183672 0.33137305699481867 0.01604081632653061 0.026424870466321214
1 0.13011224489795917 0.30724093264248703 0.06671428571428571 0.11453367875647667
0 0.2571428571428571 0.36869170984455957 0.035857142857142844 0.06116580310880833
0 0.3236428571428572 0.31971502590673573 0.011224489795918367 0.021761658031088097
0 0.3358979591836735 0.31313471502590673 0.008448979591836707 0.019948186528497416
0 0.17421428571428574 0.34823834196891196 0.027959183673469393 0.04362694300518136
0 0.2458979591836735 0.31971502590673573 0.015102040816326514 0.024870466321243546
1 0.030474489795918366 0.3152849740932643 0.06094897959183673 0.17927461139896378
1 0.26260204081632654 0.29987046632124353 0.02724489795918366 0.04948186528497408
0 0.22671428571428573 0.3231347150259067 0.014571428571428572 0.027979274611398958
0 0.3081122448979592 0.3295336787564767 0.01479591836734694 0.029015544041450823
3 0.00981122448979592 0.3461269430051814 0.01962244897959184 0.21753886010362694
0 0.20344897959183672 0.33137305699481867 0.01604081632653061 0.026424870466321214
1 0.13011224489795917 0.30724093264248703 0.06671428571428571 0.11453367875647667
0 0.2571428571428571 0.36869170984455957 0.035857142857142844 0.06116580310880833
0 0.3236428571428572 0.31971502590673573 0.011224489795918367 0.021761658031088097
0 0.3358979591836735 0.31313471502590673 0.008448979591836707 0.019948186528497416
