0 0.15534313725490195 0.4706702127659575 0.09029411764705882 0.1527021276595745
7 0.43313725490196076 0.18623404255319148 0.04431372549019607 0.08217021276595746
7 0.7435735294117648 0.3637127659574468 0.024029411764705872 0.024021276595744663
21 0.7494901960784314 0.682968085106383 0.15749019607843137 0.19789361702127659
21 0.05749509803921568 0.6677659574468086 0.11461764705882353 0.15553191489361695
6 0.7444950980392157 0.32565957446808513 0.026107843137254897 0.05336170212765954
21 0.3307892156862745 0.6730851063829788 0.03587254901960782 0.1806382978723405
7 0.41646078431372546 0.2734042553191489 0.02088235294117648 0.02255319148936172
7 0.4728088235294117 0.18652127659574466 0.028990196078431365 0.08159574468085108
7 0.4371127450980392 0.2732978723404255 0.009696078431372535 0.02348936170212764
0 0.15534313725490195 0.4706702127659575 0.09029411764705882 0.1527021276595745
7 0.43313725490196076 0.18623404255319148 0.04431372549019607 0.08217021276595746
7 0.7435735294117648 0.3637127659574468 0.024029411764705872 0.024021276595744663
21 0.7494901960784314 0.682968085106383 0.15749019607843137 0.19789361702127659
21 0.05749509803921568 0.6677659574468086 0.11461764705882353 0.15553191489361695
6 0.7444950980392157 0.32565957446808513 0.026107843137254897 0.05336170212765954
21 0.3307892156862745 0.6730851063829788 0.03587254901960782 0.1806382978723405
7 0.41646078431372546 0.2734042553191489 0.02088235294117648 0.02255319148936172
7 0.4728088235294117 0.18652127659574466 0.028990196078431365 0.08159574468085108
7 0.4371127450980392 0.2732978723404255 0.009696078431372535 0.02348936170212764
