0 0.3916160388821385 0.7637931034482759 0.07509113001215068 0.11692789968652041
1 0.053462940461725394 0.64858934169279 0.10692588092345079 0.18808777429467086
1 0.3621871202916161 0.6337460815047021 0.042563791008505505 0.048369905956112874
0 0.04816828675577157 0.7252351097178684 0.07097812879708383 0.11253918495297807
1 0.315811057108141 0.6478448275862069 0.034246658566221146 0.1230877742946708
1 0.47930741190765497 0.6400156739811913 0.034204131227217535 0.04043887147335425
1 0.19301336573511543 0.6350313479623824 0.056500607533414335 0.08354231974921632
0 0.3916160388821385 0.7637931034482759 0.07509113001215068 0.11692789968652041
1 0.053462940461725394 0.64858934169279 0.10692588092345079 0.18808777429467086
1 0.3621871202916161 0.6337460815047021 0.042563791008505505 0.048369905956112874
0 0.04816828675577157 0.7252351097178684 0.07097812879708383 0.11253918495297807
1 0.315811057108141 0.6478448275862069 0.034246658566221146 0.1230877742946708
1 0.47930741190765497 0.6400156739811913 0.034204131227217535 0.04043887147335425
1 0.19301336573511543 0.6350313479623824 0.056500607533414335 0.08354231974921632
