0 0.3931372549019608 0.45672340425531915 0.06568627450980392 0.13123404255319152
0 0.24086274509803923 0.3608936170212766 0.020000000000000004 0.024680851063829775
0 0.2069411764705882 0.36300000000000004 0.026862745098039223 0.02217021276595742
0 0.09161764705882351 0.4242553191489361 0.057156862745098035 0.07574468085106381
8 0.4028235294117647 0.3330531914893617 0.010745098039215722 0.023680851063829778
5 0.36955882352941183 0.3290425531914894 0.015000000000000012 0.02872340425531915
8 0.36520588235294116 0.35978723404255325 0.03676470588235294 0.021063829787234055
8 0.43781862745098044 0.3598936170212766 0.032794117647058814 0.019787234042553215
0 0.5138235294117646 0.40861702127659577 0.06999999999999998 0.06574468085106384
0 0.10644117647058823 0.36414893617021277 0.03509803921568627 0.02872340425531915
1 0.2957205882352941 0.35140425531914893 0.055029411764705875 0.04374468085106383
0 0.35182843137254904 0.8028297872340426 0.2786960784313725 0.39434042553191484
0 0.3715735294117647 0.5473297872340426 0.10116666666666667 0.16534042553191497
0 0.03426470588235294 0.3997127659574468 0.06833333333333333 0.05559574468085105
1 0.4798529411764706 0.3517021276595745 0.05598039215686277 0.04893617021276596
0 0.41990196078431374 0.4322340425531915 0.04745098039215684 0.0793617021276596
0 0.3931372549019608 0.45672340425531915 0.06568627450980392 0.13123404255319152
0 0.24086274509803923 0.3608936170212766 0.020000000000000004 0.024680851063829775
0 0.2069411764705882 0.36300000000000004 0.026862745098039223 0.02217021276595742
0 0.09161764705882351 0.4242553191489361 0.057156862745098035 0.07574468085106381
8 0.4028235294117647 0.3330531914893617 0.010745098039215722 0.023680851063829778
5 0.36955882352941183 0.3290425531914894 0.015000000000000012 0.02872340425531915
8 0.36520588235294116 0.35978723404255325 0.03676470588235294 0.021063829787234055
8 0.43781862745098044 0.3598936170212766 0.032794117647058814 0.019787234042553215
0 0.5138235294117646 0.40861702127659577 0.06999999999999998 0.06574468085106384
0 0.10644117647058823 0.36414893617021277 0.03509803921568627 0.02872340425531915
1 0.2957205882352941 0.35140425531914893 0.055029411764705875 0.04374468085106383
0 0.35182843137254904 0.8028297872340426 0.2786960784313725 0.39434042553191484
0 0.3715735294117647 0.5473297872340426 0.10116666666666667 0.16534042553191497
0 0.03426470588235294 0.3997127659574468 0.06833333333333333 0.05559574468085105
1 0.4798529411764706 0.3517021276595745 0.05598039215686277 0.04893617021276596
0 0.41990196078431374 0.4322340425531915 0.04745098039215684 0.0793617021276596
