7 0.14668590522478736 0.3505329153605016 0.08698055893074116 0.12874608150470218
6 0.2175577156743621 0.5944043887147336 0.005650060753341441 0.014263322884012485
0 0.19406439854191979 0.6025078369905956 0.010145808019441063 0.015987460815047004
7 0.24796172539489672 0.35727272727272724 0.0643681652490887 0.12874608150470218
1 0.13562272174969625 0.590039184952978 0.023165249088699894 0.039012539184952955
0 0.10524301336573513 0.6720689655172414 0.025990279465370598 0.06159874608150472
15 0.14751822600243014 0.2799294670846395 0.017114216281895498 0.025062695924764903
0 0.19417375455650063 0.6931269592476489 0.042162818955042515 0.07954545454545454
1 0.16344471445929523 0.6098354231974922 0.04066828675577157 0.1428683385579937
1 0.18022782503037665 0.6022884012539185 0.018232077764277065 0.05435736677115988
15 0.27207472660996357 0.2860423197492163 0.017114216281895515 0.025062695924764903
7 0.14668590522478736 0.3505329153605016 0.08698055893074116 0.12874608150470218
6 0.2175577156743621 0.5944043887147336 0.005650060753341441 0.014263322884012485
0 0.19406439854191979 0.6025078369905956 0.010145808019441063 0.015987460815047004
7 0.24796172539489672 0.35727272727272724 0.0643681652490887 0.12874608150470218
1 0.13562272174969625 0.590039184952978 0.023165249088699894 0.039012539184952955
0 0.10524301336573513 0.6720689655172414 0.025990279465370598 0.06159874608150472
15 0.14751822600243014 0.2799294670846395 0.017114216281895498 0.025062695924764903
0 0.19417375455650063 0.6931269592476489 0.042162818955042515 0.07954545454545454
1 0.16344471445929523 0.6098354231974922 0.04066828675577157 0.1428683385579937
1 0.18022782503037665 0.6022884012539185 0.018232077764277065 0.05435736677115988
15 0.27207472660996357 0.2860423197492163 0.017114216281895515 0.025062695924764903
