0 0.24927095990279466 0.6364655172413793 0.010328068043742407 0.022053291536050235
2 0.2955437424058323 0.638064263322884 0.023614823815309844 0.06148902821316608
1 0.12897023086269743 0.6147413793103449 0.033918590522478725 0.05515673981191222
6 0.07735722964763063 0.6027507836990595 0.03459295261239369 0.0894827586206897
6 0.8274756986634265 0.6178369905956113 0.04079586877278242 0.09598746081504704
1 0.19562575941676794 0.6141379310344828 0.037910085054677994 0.05510971786833851
7 0.2855619684082624 0.44927115987460814 0.05446537059538277 0.09164576802507841
0 0.24250911300121505 0.6410658307210031 0.013645200486026719 0.02821316614420063
7 0.35082017010935607 0.4510971786833855 0.042466585662211405 0.09373040752351099
0 0.24927095990279466 0.6364655172413793 0.010328068043742407 0.022053291536050235
2 0.2955437424058323 0.638064263322884 0.023614823815309844 0.06148902821316608
1 0.12897023086269743 0.6147413793103449 0.033918590522478725 0.05515673981191222
6 0.07735722964763063 0.6027507836990595 0.03459295261239369 0.0894827586206897
6 0.8274756986634265 0.6178369905956113 0.04079586877278242 0.09598746081504704
1 0.19562575941676794 0.6141379310344828 0.037910085054677994 0.05510971786833851
7 0.2855619684082624 0.44927115987460814 0.05446537059538277 0.09164576802507841
0 0.24250911300121505 0.6410658307210031 0.013645200486026719 0.02821316614420063
7 0.35082017010935607 0.4510971786833855 0.042466585662211405 0.09373040752351099
