21 0.11232381530984203 0.7215438871473354 0.02082017010935602 0.02731974921630095
1 0.1413730255164034 0.6189263322884012 0.02551640340218712 0.06371473354231971
0 0.4263699878493318 0.6446394984326018 0.0430072904009721 0.034858934169278925
0 0.35883049817739976 0.6411442006269593 0.04548602673147023 0.04467084639498432
21 0.24875455650060757 0.8106739811912226 0.0611786148238153 0.07238244514106575
7 0.1346111786148238 0.5479937304075235 0.01930741190765492 0.025172413793103452
7 0.06260631834750911 0.08824451410658307 0.12521263669501823 0.17648902821316614
7 0.2634264884568651 0.09623824451410658 0.1545565006075334 0.19247648902821315
7 0.1616585662211422 0.5466849529780564 0.021154313487241793 0.027789968652037558
5 0.16901579586877277 0.6072100313479624 0.01275820170109356 0.030721003134796185
8 0.05641251518833535 0.6395062695924765 0.008025516403402183 0.02045454545454538
2 0.2165127582017011 0.6420141065830721 0.06353584447144596 0.07051724137931036
0 0.09213244228432563 0.6299373040752351 0.009550425273390036 0.020188087774294664
21 0.08303159173754555 0.8168573667711598 0.03565006075334143 0.07405956112852664
1 0.12095990279465373 0.6122100313479625 0.020291616038882142 0.08435736677115986
0 0.29181652490887 0.6505250783699059 0.04317132442284326 0.03844827586206901
21 0.03679526123936817 0.7250391849529781 0.024356014580801943 0.02459247648902821
21 0.11232381530984203 0.7215438871473354 0.02082017010935602 0.02731974921630095
1 0.1413730255164034 0.6189263322884012 0.02551640340218712 0.06371473354231971
0 0.4263699878493318 0.6446394984326018 0.0430072904009721 0.034858934169278925
0 0.35883049817739976 0.6411442006269593 0.04548602673147023 0.04467084639498432
21 0.24875455650060757 0.8106739811912226 0.0611786148238153 0.07238244514106575
7 0.1346111786148238 0.5479937304075235 0.01930741190765492 0.025172413793103452
7 0.06260631834750911 0.08824451410658307 0.12521263669501823 0.17648902821316614
7 0.2634264884568651 0.09623824451410658 0.1545565006075334 0.19247648902821315
7 0.1616585662211422 0.5466849529780564 0.021154313487241793 0.027789968652037558
5 0.16901579586877277 0.6072100313479624 0.01275820170109356 0.030721003134796185
8 0.05641251518833535 0.6395062695924765 0.008025516403402183 0.02045454545454538
2 0.2165127582017011 0.6420141065830721 0.06353584447144596 0.07051724137931036
0 0.09213244228432563 0.6299373040752351 0.009550425273390036 0.020188087774294664
21 0.08303159173754555 0.8168573667711598 0.03565006075334143 0.07405956112852664
1 0.12095990279465373 0.6122100313479625 0.020291616038882142 0.08435736677115986
0 0.29181652490887 0.6505250783699059 0.04317132442284326 0.03844827586206901
21 0.03679526123936817 0.7250391849529781 0.024356014580801943 0.02459247648902821
