0 0.23496658566221143 0.6274294670846394 0.009532199270959902 0.02006269592476491
0 0.15613608748481167 0.692076802507837 0.03961117861482383 0.07913793103448277
20 0.25618772782503035 0.592037617554859 0.00332320777642772 0.019247648902821362
10 0.2671901579586877 0.6034404388714734 0.006543134872417972 0.018291536050156675
0 0.2024969623329283 0.6379858934169278 0.012989064398541916 0.0305172413793103
0 0.18827460510328067 0.6542554858934169 0.02345078979343862 0.05051724137931028
11 0.37487241798298904 0.6047962382445141 0.02155528554070475 0.056927899686520365
5 0.2563487241798299 0.6086755485893417 0.004921020656136101 0.010235109717868385
0 0.23496658566221143 0.6274294670846394 0.009532199270959902 0.02006269592476491
0 0.15613608748481167 0.692076802507837 0.03961117861482383 0.07913793103448277
20 0.25618772782503035 0.592037617554859 0.00332320777642772 0.019247648902821362
10 0.2671901579586877 0.6034404388714734 0.006543134872417972 0.018291536050156675
0 0.2024969623329283 0.6379858934169278 0.012989064398541916 0.0305172413793103
0 0.18827460510328067 0.6542554858934169 0.02345078979343862 0.05051724137931028
11 0.37487241798298904 0.6047962382445141 0.02155528554070475 0.056927899686520365
5 0.2563487241798299 0.6086755485893417 0.004921020656136101 0.010235109717868385
