0 0.17806804374240584 0.661833855799373 0.029404617253948988 0.07163009404388722
11 0.3421324422843257 0.5995141065830721 0.01573511543134871 0.04134796238244513
0 0.24210206561360875 0.6453369905956113 0.018590522478736344 0.03644200626959248
20 0.2676792223572297 0.5811912225705328 0.0034021871202915954 0.02006269592476491
10 0.2678918590522479 0.6039968652037618 0.0069866342648845685 0.016739811912225715
0 0.7670747266099636 0.2481112852664577 0.06718712029161612 0.1618652037617555
0 0.19591737545565008 0.6459717868338558 0.017642770352369393 0.038652037617554806
0 0.12528250303766708 0.7391065830721003 0.07012758201701094 0.1503134796238244
2 0.2046172539489672 0.6269592476489029 0.018226002430133656 0.045454545454545456
0 0.17806804374240584 0.661833855799373 0.029404617253948988 0.07163009404388722
11 0.3421324422843257 0.5995141065830721 0.01573511543134871 0.04134796238244513
0 0.24210206561360875 0.6453369905956113 0.018590522478736344 0.03644200626959248
20 0.2676792223572297 0.5811912225705328 0.0034021871202915954 0.02006269592476491
10 0.2678918590522479 0.6039968652037618 0.0069866342648845685 0.016739811912225715
0 0.7670747266099636 0.2481112852664577 0.06718712029161612 0.1618652037617555
0 0.19591737545565008 0.6459717868338558 0.017642770352369393 0.038652037617554806
0 0.12528250303766708 0.7391065830721003 0.07012758201701094 0.1503134796238244
2 0.2046172539489672 0.6269592476489029 0.018226002430133656 0.045454545454545456
