20 0.5884842041312272 0.5962695924764889 0.004805589307411888 0.023260188087774254
1 0.3686786148238153 0.6097413793103448 0.02660388821385174 0.05236677115987465
10 0.5884021871202916 0.5727115987460815 0.008201701093560146 0.022884012539184987
2 0.448222964763062 0.6256583072100314 0.02785540704738762 0.04761755485893416
20 0.5570230862697448 0.48838557993730414 0.005795868772782481 0.03119122257053297
20 0.5237727825030377 0.4894043887147336 0.005795868772782481 0.03119122257053288
0 0.38362089914945324 0.6192006269592476 0.0072174969623329255 0.012601880877742978
0 0.7740249088699879 0.20047021943573667 0.02237545565006071 0.05109717868338557
0 0.39287970838396113 0.6186363636363637 0.00765492102065615 0.012978056426332246
20 0.5884842041312272 0.5962695924764889 0.004805589307411888 0.023260188087774254
1 0.3686786148238153 0.6097413793103448 0.02660388821385174 0.05236677115987465
10 0.5884021871202916 0.5727115987460815 0.008201701093560146 0.022884012539184987
2 0.448222964763062 0.6256583072100314 0.02785540704738762 0.04761755485893416
20 0.5570230862697448 0.48838557993730414 0.005795868772782481 0.03119122257053297
20 0.5237727825030377 0.4894043887147336 0.005795868772782481 0.03119122257053288
0 0.38362089914945324 0.6192006269592476 0.0072174969623329255 0.012601880877742978
0 0.7740249088699879 0.20047021943573667 0.02237545565006071 0.05109717868338557
0 0.39287970838396113 0.6186363636363637 0.00765492102065615 0.012978056426332246
