18 0.27314702308626976 0.5936363636363636 0.0029161603888213923 0.016802507836990638
18 0.22698663426488458 0.5083620689655173 0.0038639125151883435 0.024655172413793044
10 0.2731561360874848 0.5751018808777429 0.006786148238153108 0.017194357366771114
11 0.4180771567436209 0.5993730407523511 0.01196233292831109 0.03134796238244514
18 0.2504921020656136 0.5095924764890282 0.003754556500607503 0.02344827586206902
1 0.08021263669501823 0.6280485893416928 0.11466585662211422 0.20691222570532913
0 0.20115127582017012 0.6540203761755485 0.02491494532199274 0.051520376175548596
0 0.16141251518833535 0.6785815047021944 0.049835965978128796 0.09487460815047018
18 0.27314702308626976 0.5936363636363636 0.0029161603888213923 0.016802507836990638
18 0.22698663426488458 0.5083620689655173 0.0038639125151883435 0.024655172413793044
10 0.2731561360874848 0.5751018808777429 0.006786148238153108 0.017194357366771114
11 0.4180771567436209 0.5993730407523511 0.01196233292831109 0.03134796238244514
18 0.2504921020656136 0.5095924764890282 0.003754556500607503 0.02344827586206902
1 0.08021263669501823 0.6280485893416928 0.11466585662211422 0.20691222570532913
0 0.20115127582017012 0.6540203761755485 0.02491494532199274 0.051520376175548596
0 0.16141251518833535 0.6785815047021944 0.049835965978128796 0.09487460815047018
