0 0.23842648845686515 0.6605721003134796 0.024483596597812886 0.05252351097178682
0 0.19743924665856624 0.6395454545454545 0.019106925880923446 0.03611285266457683
20 0.712636695018226 0.3769592476489028 0.0795868772782503 0.4041065830721004
0 0.20602976913730256 0.6347727272727273 0.012108140947752095 0.03004702194357369
10 0.6920747266099635 0.7007758620689656 0.10259416767922229 0.25057993730407513
11 0.3006773997569866 0.5993573667711598 0.011026731470230883 0.029592476489028206
0 0.18996354799513973 0.6500078369905956 0.021652490886998776 0.03979623824451409
0 0.18034021871202918 0.6534952978056426 0.025625759416767927 0.04843260188087771
0 0.2367314702308627 0.6227194357366771 0.010510328068043749 0.018887147335423217
0 0.17325941676792223 0.6651880877742946 0.03278857837181046 0.0529467084639498
