0 0.03250303766707169 0.5061128526645767 0.06500607533414338 0.08369905956112858
0 0.0330498177399757 0.5922021943573669 0.0660996354799514 0.12217868338557993
0 0.42407654921020654 0.6409717868338558 0.13199270959902795 0.13021943573667719
0 0.31908262454434994 0.5482758620689654 0.08895504252733898 0.10846394984326017
0 0.9766221142162819 0.8356974921630094 0.04675577156743623 0.12155172413793114
0 0.11886998784933173 0.535423197492163 0.08452004860267316 0.08934169278996865
0 0.4183171324422843 0.7115203761755485 0.13955042527338998 0.14028213166144202
0 0.7425577156743621 0.7337774294670847 0.17624544349939242 0.20548589341692794
0 0.25844471445929523 0.6016457680250784 0.1037667071688943 0.11175548589341694
0 0.9431956257594167 0.7543103448275862 0.11360874848116646 0.12962382445141074
0 0.03250303766707169 0.5061128526645767 0.06500607533414338 0.08369905956112858
0 0.0330498177399757 0.5922021943573669 0.0660996354799514 0.12217868338557993
0 0.42407654921020654 0.6409717868338558 0.13199270959902795 0.13021943573667719
0 0.31908262454434994 0.5482758620689654 0.08895504252733898 0.10846394984326017
0 0.9766221142162819 0.8356974921630094 0.04675577156743623 0.12155172413793114
0 0.11886998784933173 0.535423197492163 0.08452004860267316 0.08934169278996865
0 0.4183171324422843 0.7115203761755485 0.13955042527338998 0.14028213166144202
0 0.7425577156743621 0.7337774294670847 0.17624544349939242 0.20548589341692794
0 0.25844471445929523 0.6016457680250784 0.1037667071688943 0.11175548589341694
0 0.9431956257594167 0.7543103448275862 0.11360874848116646 0.12962382445141074
