0 0.03490583232077764 0.8164184952978056 0.06981166464155528 0.19427899686520383
0 0.6360722964763061 0.7320924764890283 0.16979951397326853 0.1555642633228841
0 0.1198055893074119 0.6869984326018809 0.04337788578371811 0.07960815047021938
0 0.3706075334143378 0.6391065830721003 0.03329283110571079 0.03416927899686513
0 0.3806318347509113 0.6393416927899687 0.02843256379100848 0.028683385579937323
1 0.020625759416767923 0.7696708463949844 0.041251518833535845 0.4606583072100313
11 0.23224179829890643 0.5965673981191223 0.004860267314702308 0.013322884012539185
20 0.20924665856622116 0.5930485893416928 0.003341433778857837 0.017570532915360558
11 0.7825030376670717 0.6017241379310344 0.07557715674362095 0.20188087774294672
1 0.7458383961117862 0.3307680250783699 0.030741190765492185 0.09717868338557993
0 0.28892466585662213 0.6292319749216301 0.01780072904009721 0.03228840125391853
0 0.03490583232077764 0.8164184952978056 0.06981166464155528 0.19427899686520383
0 0.6360722964763061 0.7320924764890283 0.16979951397326853 0.1555642633228841
0 0.1198055893074119 0.6869984326018809 0.04337788578371811 0.07960815047021938
0 0.3706075334143378 0.6391065830721003 0.03329283110571079 0.03416927899686513
0 0.3806318347509113 0.6393416927899687 0.02843256379100848 0.028683385579937323
1 0.020625759416767923 0.7696708463949844 0.041251518833535845 0.4606583072100313
11 0.23224179829890643 0.5965673981191223 0.004860267314702308 0.013322884012539185
20 0.20924665856622116 0.5930485893416928 0.003341433778857837 0.017570532915360558
11 0.7825030376670717 0.6017241379310344 0.07557715674362095 0.20188087774294672
1 0.7458383961117862 0.3307680250783699 0.030741190765492185 0.09717868338557993
0 0.28892466585662213 0.6292319749216301 0.01780072904009721 0.03228840125391853
