0 0.11043438639125153 0.6945062695924765 0.09011543134872417 0.09615987460815041
2 0.5836452004860267 0.6212382445141066 0.019258809234507856 0.05109717868338553
0 0.778584447144593 0.6662931034482759 0.041360874848116604 0.05807210031347964
0 0.22438335358444716 0.6749843260188088 0.052764277035236916 0.054858934169279
0 0.985741190765492 0.6790360501567398 0.028517618469015828 0.06136363636363642
2 0.1871992709599028 0.6688871473354232 0.08670716889428919 0.09141065830721011
0 0.752685297691373 0.6592868338557993 0.036136087484811674 0.05098746081504698
0 0.16874240583232078 0.6905642633228841 0.0653584447144593 0.06432601880877746
0 0.5464034021871202 0.6290752351097179 0.015006075334143406 0.03228840125391844
0 0.8179191980558931 0.6769984326018809 0.05809842041312265 0.07136363636363632
0 0.511767922235723 0.6288244514106583 0.021992709599027976 0.01849529780564256
0 0.07294957472660996 0.7178683385579937 0.09439246658566221 0.08103448275862075
0 0.8750577156743621 0.9361206896551724 0.24988456865127578 0.12775862068965516
0 0.9835965978128797 0.630705329153605 0.032806804374240585 0.032257053291536025
0 0.3900303766707169 0.6596238244514107 0.04319562575941671 0.03965517241379312
1 0.3541190765492102 0.6492476489028214 0.08758201701093561 0.08463949843260188
0 0.11043438639125153 0.6945062695924765 0.09011543134872417 0.09615987460815041
2 0.5836452004860267 0.6212382445141066 0.019258809234507856 0.05109717868338553
0 0.778584447144593 0.6662931034482759 0.041360874848116604 0.05807210031347964
0 0.22438335358444716 0.6749843260188088 0.052764277035236916 0.054858934169279
0 0.985741190765492 0.6790360501567398 0.028517618469015828 0.06136363636363642
2 0.1871992709599028 0.6688871473354232 0.08670716889428919 0.09141065830721011
0 0.752685297691373 0.6592868338557993 0.036136087484811674 0.05098746081504698
0 0.16874240583232078 0.6905642633228841 0.0653584447144593 0.06432601880877746
0 0.5464034021871202 0.6290752351097179 0.015006075334143406 0.03228840125391844
0 0.8179191980558931 0.6769984326018809 0.05809842041312265 0.07136363636363632
0 0.511767922235723 0.6288244514106583 0.021992709599027976 0.01849529780564256
0 0.07294957472660996 0.7178683385579937 0.09439246658566221 0.08103448275862075
0 0.8750577156743621 0.9361206896551724 0.24988456865127578 0.12775862068965516
0 0.9835965978128797 0.630705329153605 0.032806804374240585 0.032257053291536025
0 0.3900303766707169 0.6596238244514107 0.04319562575941671 0.03965517241379312
1 0.3541190765492102 0.6492476489028214 0.08758201701093561 0.08463949843260188
