12 0.8452696078431372 0.3125957446808511 0.09504901960784307 0.1890212765957447
0 0.27162745098039215 0.47212765957446806 0.06733333333333331 0.11361702127659576
0 0.24540196078431373 0.5023191489361702 0.07429411764705883 0.13706382978723408
0 0.31413725490196076 0.4321914893617021 0.04329411764705885 0.07561702127659573
21 0.41124019607843143 0.6497234042553192 0.02306862745098042 0.09221276595744687
0 0.3288627450980392 0.4196808510638298 0.036980392156862774 0.07042553191489366
2 0.337843137254902 0.3937340425531915 0.040980392156862756 0.08657446808510638
1 0.5221421568627451 0.3469999999999999 0.12002941176470583 0.06336170212765958
2 0.13124019607843135 0.46673404255319145 0.2618333333333333 0.48368085106382974
2 0.3482254901960784 0.387531914893617 0.03413725490196083 0.0772765957446809
1 0.3567058823529412 0.3705212765957447 0.03972549019607847 0.09002127659574469
0 0.29382843137254905 0.44945744680851063 0.055088235294117646 0.09087234042553193
0 0.4156078431372549 0.36748936170212765 0.0143137254901961 0.028936170212766007
12 0.8452696078431372 0.3125957446808511 0.09504901960784307 0.1890212765957447
0 0.27162745098039215 0.47212765957446806 0.06733333333333331 0.11361702127659576
0 0.24540196078431373 0.5023191489361702 0.07429411764705883 0.13706382978723408
0 0.31413725490196076 0.4321914893617021 0.04329411764705885 0.07561702127659573
21 0.41124019607843143 0.6497234042553192 0.02306862745098042 0.09221276595744687
0 0.3288627450980392 0.4196808510638298 0.036980392156862774 0.07042553191489366
2 0.337843137254902 0.3937340425531915 0.040980392156862756 0.08657446808510638
1 0.5221421568627451 0.3469999999999999 0.12002941176470583 0.06336170212765958
2 0.13124019607843135 0.46673404255319145 0.2618333333333333 0.48368085106382974
2 0.3482254901960784 0.387531914893617 0.03413725490196083 0.0772765957446809
1 0.3567058823529412 0.3705212765957447 0.03972549019607847 0.09002127659574469
0 0.29382843137254905 0.44945744680851063 0.055088235294117646 0.09087234042553193
0 0.4156078431372549 0.36748936170212765 0.0143137254901961 0.028936170212766007
