20 0.6047549019607843 0.42510638297872344 0.013431372549019653 0.07872340425531915
8 0.319 0.48174468085106387 0.018921568627450935 0.04063829787234041
10 0.6045588235294117 0.3418936170212766 0.03233333333333335 0.06412765957446806
0 0.459078431372549 0.44470212765957445 0.02170588235294116 0.03293617021276594
0 0.23508333333333334 0.6140212765957447 0.12604901960784312 0.16029787234042553
0 0.4677205882352941 0.42209574468085104 0.01938235294117645 0.03108510638297869
20 0.6047549019607843 0.42510638297872344 0.013431372549019653 0.07872340425531915
8 0.319 0.48174468085106387 0.018921568627450935 0.04063829787234041
10 0.6045588235294117 0.3418936170212766 0.03233333333333335 0.06412765957446806
0 0.459078431372549 0.44470212765957445 0.02170588235294116 0.03293617021276594
0 0.23508333333333334 0.6140212765957447 0.12604901960784312 0.16029787234042553
0 0.4677205882352941 0.42209574468085104 0.01938235294117645 0.03108510638297869
