0 0.4133823529411764 0.388936170212766 0.03441176470588232 0.06595744680851064
6 0.7382843137254902 0.34891489361702127 0.018137254901960786 0.03527659574468088
7 0.6638921568627452 0.361063829787234 0.11778431372549018 0.05574468085106386
7 0.6484803921568628 0.29740425531914894 0.11460784313725488 0.05395744680851067
0 0.3811764705882353 0.5165957446808511 0.10745098039215689 0.1740425531914893
15 0.3532647058823529 0.2742553191489362 0.023431372549019586 0.011276595744680875
7 0.3532941176470588 0.2922553191489362 0.02362745098039218 0.02361702127659573
0 0.4133823529411764 0.388936170212766 0.03441176470588232 0.06595744680851064
6 0.7382843137254902 0.34891489361702127 0.018137254901960786 0.03527659574468088
7 0.6638921568627452 0.361063829787234 0.11778431372549018 0.05574468085106386
7 0.6484803921568628 0.29740425531914894 0.11460784313725488 0.05395744680851067
0 0.3811764705882353 0.5165957446808511 0.10745098039215689 0.1740425531914893
15 0.3532647058823529 0.2742553191489362 0.023431372549019586 0.011276595744680875
7 0.3532941176470588 0.2922553191489362 0.02362745098039218 0.02361702127659573
