21 0.31123529411764705 0.9387978723404256 0.0812549019607843 0.12240425531914888
16 0.7892303921568627 0.5439148936170213 0.006637254901960767 0.08148936170212769
0 0.20023529411764707 0.4416702127659574 0.014117647058823535 0.018957446808510633
0 0.39166666666666666 0.46255319148936164 0.027843137254901937 0.049787234042553204
0 0.17374509803921567 0.44313829787234044 0.015980392156862755 0.022234042553191464
21 0.7343774509803922 0.9328617021276595 0.13516666666666668 0.13427659574468087
0 0.37836274509803924 0.4542553191489362 0.019509803921568605 0.030851063829787233
0 0.3704705882352941 0.44627659574468087 0.015098039215686252 0.02553191489361702
3 0.09314215686274509 0.44613829787234044 0.06508823529411763 0.10006382978723405
1 0.06363725490196077 0.4283510638297872 0.07370588235294118 0.09989361702127664
1 0.25279411764705884 0.44882978723404254 0.08401960784313725 0.17170212765957452
1 0.33605882352941174 0.4272659574468085 0.0329411764705882 0.08134042553191494
21 0.31123529411764705 0.9387978723404256 0.0812549019607843 0.12240425531914888
16 0.7892303921568627 0.5439148936170213 0.006637254901960767 0.08148936170212769
0 0.20023529411764707 0.4416702127659574 0.014117647058823535 0.018957446808510633
0 0.39166666666666666 0.46255319148936164 0.027843137254901937 0.049787234042553204
0 0.17374509803921567 0.44313829787234044 0.015980392156862755 0.022234042553191464
21 0.7343774509803922 0.9328617021276595 0.13516666666666668 0.13427659574468087
0 0.37836274509803924 0.4542553191489362 0.019509803921568605 0.030851063829787233
0 0.3704705882352941 0.44627659574468087 0.015098039215686252 0.02553191489361702
3 0.09314215686274509 0.44613829787234044 0.06508823529411763 0.10006382978723405
1 0.06363725490196077 0.4283510638297872 0.07370588235294118 0.09989361702127664
1 0.25279411764705884 0.44882978723404254 0.08401960784313725 0.17170212765957452
1 0.33605882352941174 0.4272659574468085 0.0329411764705882 0.08134042553191494
