7 0.2538725490196079 0.36304255319148937 0.025784313725490206 0.03468085106382981
16 0.5425588235294118 0.5484255319148936 0.00835294117647057 0.08868085106382986
1 0.1134313725490196 0.3913829787234042 0.015882352941176472 0.04489361702127658
3 0.2362254901960784 0.40521276595744676 0.02833333333333334 0.06531914893617025
0 0.11637254901960783 0.43617021276595747 0.021568627450980378 0.03319148936170217
0 0.08178921568627451 0.42806382978723406 0.0209313725490196 0.029744680851063868
1 0.044166666666666674 0.41202127659574467 0.07088235294117647 0.11382978723404255
3 0.27333333333333326 0.4232978723404255 0.0419607843137255 0.1006382978723404
0 0.01573529411764706 0.4946808510638298 0.03147058823529412 0.08297872340425531
16 0.15984313725490198 0.4753191489361702 0.0046274509803921554 0.04936170212765955
7 0.2538725490196079 0.36304255319148937 0.025784313725490206 0.03468085106382981
16 0.5425588235294118 0.5484255319148936 0.00835294117647057 0.08868085106382986
1 0.1134313725490196 0.3913829787234042 0.015882352941176472 0.04489361702127658
3 0.2362254901960784 0.40521276595744676 0.02833333333333334 0.06531914893617025
0 0.11637254901960783 0.43617021276595747 0.021568627450980378 0.03319148936170217
0 0.08178921568627451 0.42806382978723406 0.0209313725490196 0.029744680851063868
1 0.044166666666666674 0.41202127659574467 0.07088235294117647 0.11382978723404255
3 0.27333333333333326 0.4232978723404255 0.0419607843137255 0.1006382978723404
0 0.01573529411764706 0.4946808510638298 0.03147058823529412 0.08297872340425531
16 0.15984313725490198 0.4753191489361702 0.0046274509803921554 0.04936170212765955
