1 0.23335294117647057 0.4176489361702128 0.022509803921568636 0.04470212765957451
1 0.26676960784313725 0.41669148936170214 0.018813725490196075 0.03427659574468088
0 0.24044117647058824 0.49086170212765956 0.03558823529411763 0.05529787234042549
1 0.3079411764705883 0.4351914893617021 0.0329411764705882 0.10025531914893618
0 0.2277941176470588 0.43571276595744685 0.014019607843137267 0.019212765957446813
16 0.8395196078431372 0.7474574468085107 0.014901960784313658 0.1911702127659575
0 0.19424019607843138 0.44828723404255316 0.017009803921568648 0.025553191489361683
0 0.11559803921568627 0.45925531914893614 0.02586274509803921 0.035531914893617
0 0.1029607843137255 0.4871276595744681 0.038000000000000006 0.05553191489361701
1 0.023941176470588237 0.4448723404255319 0.04788235294117647 0.1797872340425532
1 0.1927156862745098 0.4197127659574468 0.030254901960784328 0.05861702127659571
0 0.12183333333333335 0.6158617021276597 0.1314313725490196 0.17806382978723403
