0 0.15204901960784312 0.42968085106382975 0.010686274509803927 0.018510638297872375
0 0.06358333333333333 0.43820212765957445 0.021068627450980388 0.04487234042553192
1 0.18205882352941175 0.4203404255319149 0.020000000000000004 0.04995744680851068
1 0.22112745098039216 0.4262765957446809 0.04009803921568628 0.0870212765957447
0 0.09691176470588235 0.45372340425531915 0.018137254901960786 0.025744680851063878
0 0.10425490196078431 0.43690425531914895 0.01156862745098039 0.019382978723404283
0 0.013014705882352942 0.47124468085106386 0.026029411764705884 0.0442765957446808
1 0.08018627450980391 0.4156382978723404 0.017352941176470592 0.052127659574468084
0 0.15174019607843134 0.5506702127659574 0.07338235294117647 0.1156808510638298
16 0.539049019607843 0.5477978723404254 0.008196078431372562 0.08210638297872341
0 0.15204901960784312 0.42968085106382975 0.010686274509803927 0.018510638297872375
0 0.06358333333333333 0.43820212765957445 0.021068627450980388 0.04487234042553192
1 0.18205882352941175 0.4203404255319149 0.020000000000000004 0.04995744680851068
1 0.22112745098039216 0.4262765957446809 0.04009803921568628 0.0870212765957447
0 0.09691176470588235 0.45372340425531915 0.018137254901960786 0.025744680851063878
0 0.10425490196078431 0.43690425531914895 0.01156862745098039 0.019382978723404283
0 0.013014705882352942 0.47124468085106386 0.026029411764705884 0.0442765957446808
1 0.08018627450980391 0.4156382978723404 0.017352941176470592 0.052127659574468084
0 0.15174019607843134 0.5506702127659574 0.07338235294117647 0.1156808510638298
16 0.539049019607843 0.5477978723404254 0.008196078431372562 0.08210638297872341
