0 0.4115608716248224 0.8567107093184979 0.07446234012316436 0.16418636995827532
0 0.45750592136428236 0.9072253129346315 0.19014211274277593 0.18554937413073708
8 0.3292799621032686 0.7797635605006954 0.020454760776883026 0.05910987482614743
20 0.43606110847939367 0.2688595271210014 0.02144481288488867 0.13076495132127952
1 0.44576504026527713 0.65567454798331 0.013311226906679257 0.03574408901251737
3 0.7509000473709143 0.6843532684283727 0.4981999052581715 0.6312934631432545
0 0.3880033159639981 0.661182197496523 0.009024159166271941 0.015883171070931873
0 0.295909521553766 0.6968706536856745 0.022164850781620067 0.03919332406119611
20 0.5434864992894363 0.2695757997218359 0.020558976788252057 0.12955493741307372
0 0.4115608716248224 0.8567107093184979 0.07446234012316436 0.16418636995827532
0 0.45750592136428236 0.9072253129346315 0.19014211274277593 0.18554937413073708
8 0.3292799621032686 0.7797635605006954 0.020454760776883026 0.05910987482614743
20 0.43606110847939367 0.2688595271210014 0.02144481288488867 0.13076495132127952
1 0.44576504026527713 0.65567454798331 0.013311226906679257 0.03574408901251737
3 0.7509000473709143 0.6843532684283727 0.4981999052581715 0.6312934631432545
0 0.3880033159639981 0.661182197496523 0.009024159166271941 0.015883171070931873
0 0.295909521553766 0.6968706536856745 0.022164850781620067 0.03919332406119611
20 0.5434864992894363 0.2695757997218359 0.020558976788252057 0.12955493741307372
