12 0.5138365384615384 0.1777156862745098 0.022326923076923102 0.04927450980392159
12 0.5154759615384615 0.12587254901960784 0.024432692307692277 0.052176470588235296
8 0.6016538461538462 0.6288823529411766 0.0226538461538461 0.044588235294117665
8 0.8576971153846153 0.6401862745098039 0.024413461538461634 0.04394117647058817
18 0.5543894230769232 0.1385294117647059 0.014298076923076927 0.05666666666666665
18 0.7973221153846153 0.11156862745098041 0.017471153846153806 0.061960784313725495
12 0.7411153846153846 0.15397058823529414 0.027769230769230765 0.05598039215686274
12 0.7428846153846153 0.09881372549019607 0.028461538461538483 0.054529411764705875
0 0.5109951923076923 0.6191274509803921 0.05660576923076924 0.10605882352941183
0 0.102 0.8827450980392156 0.204 0.23450980392156867
0 0.5369326923076924 0.5944411764705881 0.059980769230769226 0.0922941176470588
3 0.35325480769230766 0.5857254901960784 0.3411826923076922 0.47482352941176476
0 0.00783173076923077 0.5636568627450981 0.01566346153846154 0.059352941176470664
0 0.20962499999999998 0.6106470588235294 0.09344230769230773 0.09580392156862748
1 0.7182884615384615 0.5268725490196078 0.10015384615384612 0.2842941176470588
0 0.5572644230769231 0.5783333333333334 0.04874038461538456 0.07470588235294122
0 0.08998076923076923 0.5996764705882354 0.12042307692307691 0.10966666666666668
0 0.5733846153846153 0.5680588235294118 0.03765384615384612 0.06898039215686276
