1 0.25501215066828675 0.6236206896551724 0.03526123936816523 0.08068965517241382
0 0.2889854191980559 0.6658072100313479 0.03325637910085055 0.05951410658307205
0 0.6986148238153099 0.914576802507837 0.3692345078979344 0.17084639498432602
18 0.21837181044957474 0.5443103448275862 0.0029161603888213576 0.017398119122257
0 0.05492405832320778 0.6500470219435737 0.03363912515188336 0.047680250783699085
0 0.34374240583232074 0.7130094043887147 0.057715674362089915 0.0996865203761755
2 0.4385571081409478 0.7127742946708464 0.1769927095990279 0.3277429467084639
0 0.22563791008505465 0.6845611285266457 0.03572296476306198 0.07257053291536043
18 0.23515188335358445 0.544576802507837 0.0029161603888213576 0.018338557993730478
0 0.239228432563791 0.6255642633228841 0.011239368165249088 0.021786833855799336
1 0.21163730255164034 0.6218181818181818 0.01966585662211422 0.04360501567398118
2 0.23925273390036453 0.6140987460815046 0.014094775212636723 0.03559561128526643
0 0.2713274605103281 0.6568573667711599 0.027588092345078995 0.05101880877742949
0 0.2107138517618469 0.6405172413793103 0.020273390036452007 0.04028213166144199
1 0.11094471445929527 0.6159169278996866 0.031148238153098428 0.04656739811912222
0 0.31006682867557717 0.6858307210031348 0.04297691373025517 0.07636363636363641
1 0.25501215066828675 0.6236206896551724 0.03526123936816523 0.08068965517241382
0 0.2889854191980559 0.6658072100313479 0.03325637910085055 0.05951410658307205
0 0.6986148238153099 0.914576802507837 0.3692345078979344 0.17084639498432602
18 0.21837181044957474 0.5443103448275862 0.0029161603888213576 0.017398119122257
0 0.05492405832320778 0.6500470219435737 0.03363912515188336 0.047680250783699085
0 0.34374240583232074 0.7130094043887147 0.057715674362089915 0.0996865203761755
2 0.4385571081409478 0.7127742946708464 0.1769927095990279 0.3277429467084639
0 0.22563791008505465 0.6845611285266457 0.03572296476306198 0.07257053291536043
18 0.23515188335358445 0.544576802507837 0.0029161603888213576 0.018338557993730478
0 0.239228432563791 0.6255642633228841 0.011239368165249088 0.021786833855799336
1 0.21163730255164034 0.6218181818181818 0.01966585662211422 0.04360501567398118
2 0.23925273390036453 0.6140987460815046 0.014094775212636723 0.03559561128526643
0 0.2713274605103281 0.6568573667711599 0.027588092345078995 0.05101880877742949
0 0.2107138517618469 0.6405172413793103 0.020273390036452007 0.04028213166144199
1 0.11094471445929527 0.6159169278996866 0.031148238153098428 0.04656739811912222
0 0.31006682867557717 0.6858307210031348 0.04297691373025517 0.07636363636363641
