1 0.20822296476306199 0.6328134796238245 0.21665249088699876 0.16039184952978053
16 0.7916676792223573 0.7816849529780564 0.00531591737545565 0.07268025078369907
8 0.34974787363304977 0.7189890282131662 0.021281895504252787 0.05161442006269593
8 0.17672235722964763 0.7527586206896552 0.03532806804374239 0.0818181818181818
1 0.6620595382746051 0.7050705329153606 0.19387606318347503 0.1500470219435736
16 0.7409173754556501 0.8628996865203762 0.0106318347509113 0.13626959247648904
16 0.0194501822600243 0.9605250783699061 0.020431348724179826 0.0789498432601881
16 0.4201913730255164 0.7865360501567398 0.0055346294046172625 0.10874608150470219
1 0.20822296476306199 0.6328134796238245 0.21665249088699876 0.16039184952978053
16 0.7916676792223573 0.7816849529780564 0.00531591737545565 0.07268025078369907
8 0.34974787363304977 0.7189890282131662 0.021281895504252787 0.05161442006269593
8 0.17672235722964763 0.7527586206896552 0.03532806804374239 0.0818181818181818
1 0.6620595382746051 0.7050705329153606 0.19387606318347503 0.1500470219435736
16 0.7409173754556501 0.8628996865203762 0.0106318347509113 0.13626959247648904
16 0.0194501822600243 0.9605250783699061 0.020431348724179826 0.0789498432601881
16 0.4201913730255164 0.7865360501567398 0.0055346294046172625 0.10874608150470219
