1 0.7763791008505468 0.6715517241379311 0.344325637910085 0.2512539184952978
18 0.5481773997569866 0.6453918495297806 0.03730255164034021 0.24532915360501564
10 0.5614428918590523 0.38443573667711595 0.09614216281895505 0.25451410658307205
0 0.07285236938031592 0.7963166144200627 0.08394289185905225 0.13965517241379313
1 0.8700060753341433 0.7044592476489028 0.25998784933171326 0.4987617554858934
0 0.07048602673147024 0.6694435736677117 0.01701093560145809 0.03402821316614417
0 0.13773086269744836 0.7319514106583073 0.03146415552855406 0.08145768025078375
3 0.022600243013365738 0.656230407523511 0.045200486026731476 0.10321316614420066
1 0.241503645200486 0.7445924764890283 0.20150060753341434 0.5108150470219436
0 0.13111786148238153 0.6626175548589341 0.01300121506682868 0.020689655172413866
0 0.08652490886998786 0.6769670846394984 0.020413122721749694 0.03152037617554852
0 0.11064398541919807 0.6689733542319748 0.016646415552855412 0.026159874608150467
