0 0.13968104495747266 0.6962304075235111 0.021403402187120286 0.04164576802507836
0 0.6368347509113002 0.7053369905956113 0.06533414337788576 0.060768025078369876
0 0.15098116646415552 0.6712382445141066 0.018049817739975705 0.028996865203761754
0 0.07506075334143379 0.7047257053291536 0.052065613608748486 0.05324451410658312
2 0.7147235722964763 0.6827978056426333 0.1103705953827461 0.11619122257053291
0 0.45455650060753344 0.7081504702194357 0.05466585662211423 0.05203761755485892
5 0.5393226002430133 0.437257053291536 0.07421020656136086 0.1715987460815047
0 0.4925911300121507 0.7092554858934169 0.07317739975698659 0.06835423197492164
0 0.5779465370595382 0.7125548589341693 0.0733900364520049 0.058025078369905926
0 0.2395291616038882 0.8667868338557994 0.09943499392466587 0.2015360501567397
18 0.5303280680437424 0.6509796238244514 0.03229647630619682 0.21340125391849527
0 0.13968104495747266 0.6962304075235111 0.021403402187120286 0.04164576802507836
0 0.6368347509113002 0.7053369905956113 0.06533414337788576 0.060768025078369876
0 0.15098116646415552 0.6712382445141066 0.018049817739975705 0.028996865203761754
0 0.07506075334143379 0.7047257053291536 0.052065613608748486 0.05324451410658312
2 0.7147235722964763 0.6827978056426333 0.1103705953827461 0.11619122257053291
0 0.45455650060753344 0.7081504702194357 0.05466585662211423 0.05203761755485892
5 0.5393226002430133 0.437257053291536 0.07421020656136086 0.1715987460815047
0 0.4925911300121507 0.7092554858934169 0.07317739975698659 0.06835423197492164
0 0.5779465370595382 0.7125548589341693 0.0733900364520049 0.058025078369905926
0 0.2395291616038882 0.8667868338557994 0.09943499392466587 0.2015360501567397
18 0.5303280680437424 0.6509796238244514 0.03229647630619682 0.21340125391849527
