0 0.5879583135954525 0.823087621696801 0.12272856466129793 0.2047287899860917
1 0.4387636191378494 0.6205215577190542 0.03752723827569873 0.11698191933240606
0 0.25541449549976314 0.7185048678720445 0.05531027948839409 0.10880389429763564
0 0.4120132638559924 0.617009735744089 0.008858360966366672 0.019054242002781704
0 0.32705352913311225 0.6537899860917942 0.02263382283278066 0.05458970792767733
0 0.9868261487446708 0.7461752433936022 0.026347702510658405 0.11157162726008349
0 0.41881099005210803 0.6235465924895689 0.012221695878730439 0.02406119610570238
0 0.3524017053529133 0.6311961057023644 0.012894362861203235 0.02904033379694019
2 0.4159924206537186 0.6139499304589707 0.012458550450023665 0.03574408901251737
1 0.40776409284699194 0.6028094575799722 0.013548081477972535 0.041863699582753856
0 0.12125059213642823 0.7347218358831711 0.0801894836570346 0.11645340751043118
0 0.6407934628138324 0.6539360222531293 0.05678351492183805 0.05349095966620311
0 0.3093652297489341 0.679172461752434 0.025324490762671684 0.061265646731571644
0 0.39910942681193745 0.7185813630041725 0.05123638086215063 0.13335187760778858
0 0.36321174798673617 0.6202781641168289 0.009824727617243017 0.024033379694019513
0 0.1306252960682141 0.845076495132128 0.11032685930838464 0.2587204450625869
0 0.420698720985315 0.6277051460361615 0.013363334912363826 0.028233657858136318
0 0.21183088583609663 0.7629554937413074 0.07112742775935574 0.15214186369958274
0 0.614405495026054 0.6485396383866481 0.042074846044528734 0.04892906815020863
0 0.2890312648034107 0.6909109874826147 0.039654192325911906 0.08104311543810847
0 0.5879583135954525 0.823087621696801 0.12272856466129793 0.2047287899860917
1 0.4387636191378494 0.6205215577190542 0.03752723827569873 0.11698191933240606
0 0.25541449549976314 0.7185048678720445 0.05531027948839409 0.10880389429763564
0 0.4120132638559924 0.617009735744089 0.008858360966366672 0.019054242002781704
0 0.32705352913311225 0.6537899860917942 0.02263382283278066 0.05458970792767733
0 0.9868261487446708 0.7461752433936022 0.026347702510658405 0.11157162726008349
0 0.41881099005210803 0.6235465924895689 0.012221695878730439 0.02406119610570238
0 0.3524017053529133 0.6311961057023644 0.012894362861203235 0.02904033379694019
2 0.4159924206537186 0.6139499304589707 0.012458550450023665 0.03574408901251737
1 0.40776409284699194 0.6028094575799722 0.013548081477972535 0.041863699582753856
0 0.12125059213642823 0.7347218358831711 0.0801894836570346 0.11645340751043118
0 0.6407934628138324 0.6539360222531293 0.05678351492183805 0.05349095966620311
0 0.3093652297489341 0.679172461752434 0.025324490762671684 0.061265646731571644
0 0.39910942681193745 0.7185813630041725 0.05123638086215063 0.13335187760778858
0 0.36321174798673617 0.6202781641168289 0.009824727617243017 0.024033379694019513
0 0.1306252960682141 0.845076495132128 0.11032685930838464 0.2587204450625869
0 0.420698720985315 0.6277051460361615 0.013363334912363826 0.028233657858136318
0 0.21183088583609663 0.7629554937413074 0.07112742775935574 0.15214186369958274
0 0.614405495026054 0.6485396383866481 0.042074846044528734 0.04892906815020863
0 0.2890312648034107 0.6909109874826147 0.039654192325911906 0.08104311543810847
