0 0.06673076923076923 0.625 0.13346153846153846 0.11666666666666667
7 0.6417355769230769 0.47552941176470587 0.07600961538461534 0.14145098039215684
20 0.4637019230769231 0.4084313725490196 0.004134615384615341 0.016862745098039204
20 0.5134711538461538 0.48817647058823527 0.004711538461538549 0.01568627450980392
0 0.3716346153846154 0.8060784313725491 0.18423076923076925 0.3364705882352941
20 0.4956826923076923 0.40840196078431373 0.004134615384615341 0.016803921568627436
1 0.8101442307692307 0.6333333333333333 0.37971153846153843 0.7333333333333333
3 0.42617307692307693 0.5198039215686275 0.06592307692307693 0.1658823529411764
0 0.06673076923076923 0.625 0.13346153846153846 0.11666666666666667
7 0.6417355769230769 0.47552941176470587 0.07600961538461534 0.14145098039215684
20 0.4637019230769231 0.4084313725490196 0.004134615384615341 0.016862745098039204
20 0.5134711538461538 0.48817647058823527 0.004711538461538549 0.01568627450980392
0 0.3716346153846154 0.8060784313725491 0.18423076923076925 0.3364705882352941
20 0.4956826923076923 0.40840196078431373 0.004134615384615341 0.016803921568627436
1 0.8101442307692307 0.6333333333333333 0.37971153846153843 0.7333333333333333
3 0.42617307692307693 0.5198039215686275 0.06592307692307693 0.1658823529411764
