2 0.1290400972053463 0.6114576802507837 0.016403402187120292 0.04448275862068965
0 0.5660236938031592 0.6485031347962382 0.04631227217496964 0.03424764890282135
0 0.24343863912515187 0.7061128526645768 0.0427703523693803 0.09529780564263315
21 0.2615461725394897 0.9408777429467085 0.02812272174969621 0.11824451410658315
0 0.1535236938031592 0.6840909090909091 0.03693803159173755 0.0713166144200627
0 0.022800729040097206 0.9062774294670846 0.04560145808019441 0.18744514106583077
0 0.05707776427703523 0.799373040752351 0.10905224787363305 0.1786833855799373
10 0.2861786148238153 0.556191222570533 0.01476306196840827 0.03589341692789974
20 0.17937424058323206 0.4311128526645767 0.010388821385176198 0.0543887147335423
20 0.2313973268529769 0.4306191222570533 0.010595382746051032 0.05277429467084642
0 0.23636998784933172 0.6799373040752351 0.03762454434993922 0.09153605015673978
21 0.24696840826245442 0.761794670846395 0.011409477521263653 0.0376959247648903
0 0.118408262454435 0.7420062695924765 0.062454434993924675 0.12131661442006275
20 0.2824422843256379 0.5955877742946709 0.006561360874848123 0.037664576802507795
0 0.13606014580801942 0.7046943573667712 0.0480498177399757 0.08841692789968655
0 0.16757897934386393 0.6707915360501568 0.031306196840826264 0.06499999999999996
2 0.1290400972053463 0.6114576802507837 0.016403402187120292 0.04448275862068965
0 0.5660236938031592 0.6485031347962382 0.04631227217496964 0.03424764890282135
0 0.24343863912515187 0.7061128526645768 0.0427703523693803 0.09529780564263315
21 0.2615461725394897 0.9408777429467085 0.02812272174969621 0.11824451410658315
0 0.1535236938031592 0.6840909090909091 0.03693803159173755 0.0713166144200627
0 0.022800729040097206 0.9062774294670846 0.04560145808019441 0.18744514106583077
0 0.05707776427703523 0.799373040752351 0.10905224787363305 0.1786833855799373
10 0.2861786148238153 0.556191222570533 0.01476306196840827 0.03589341692789974
20 0.17937424058323206 0.4311128526645767 0.010388821385176198 0.0543887147335423
20 0.2313973268529769 0.4306191222570533 0.010595382746051032 0.05277429467084642
0 0.23636998784933172 0.6799373040752351 0.03762454434993922 0.09153605015673978
21 0.24696840826245442 0.761794670846395 0.011409477521263653 0.0376959247648903
0 0.118408262454435 0.7420062695924765 0.062454434993924675 0.12131661442006275
20 0.2824422843256379 0.5955877742946709 0.006561360874848123 0.037664576802507795
0 0.13606014580801942 0.7046943573667712 0.0480498177399757 0.08841692789968655
0 0.16757897934386393 0.6707915360501568 0.031306196840826264 0.06499999999999996
