12 0.43208383961117863 0.5971551724137931 0.010230862697448379 0.02869905956112853
0 0.8989763061968409 0.7786128526645768 0.2020473876063183 0.15164576802507837
0 0.16447144592952614 0.6451175548589342 0.017509113001215063 0.03249216300940433
0 0.25184082624544346 0.625039184952978 0.012393681652490907 0.022648902821316597
0 0.7581318347509113 0.7392006269592477 0.08486634264884572 0.11191222570532912
2 0.18926488456865126 0.6323197492163009 0.033730255164034044 0.09081504702194357
0 0.6066737545565006 0.7405407523510972 0.16790400972053462 0.11998432601880879
3 0.10432867557715673 0.6292163009404389 0.07595990279465371 0.15047021943573669
0 0.2768438639125152 0.63294670846395 0.013274605103280695 0.03144200626959248
0 0.3243043742405833 0.6702664576802507 0.043068043742405825 0.06319749216300939
0 0.9764185905224787 0.7342319749216301 0.04700486026731464 0.12369905956112846
12 0.43208383961117863 0.5971551724137931 0.010230862697448379 0.02869905956112853
0 0.8989763061968409 0.7786128526645768 0.2020473876063183 0.15164576802507837
0 0.16447144592952614 0.6451175548589342 0.017509113001215063 0.03249216300940433
0 0.25184082624544346 0.625039184952978 0.012393681652490907 0.022648902821316597
0 0.7581318347509113 0.7392006269592477 0.08486634264884572 0.11191222570532912
2 0.18926488456865126 0.6323197492163009 0.033730255164034044 0.09081504702194357
0 0.6066737545565006 0.7405407523510972 0.16790400972053462 0.11998432601880879
3 0.10432867557715673 0.6292163009404389 0.07595990279465371 0.15047021943573669
0 0.2768438639125152 0.63294670846395 0.013274605103280695 0.03144200626959248
0 0.3243043742405833 0.6702664576802507 0.043068043742405825 0.06319749216300939
0 0.9764185905224787 0.7342319749216301 0.04700486026731464 0.12369905956112846
