10 0.6031184056271982 0.6544014830508474 0.025517780382962076 0.06604872881355922
10 0.5226377491207503 0.714936440677966 0.0054318093005080465 0.013453389830508523
10 0.13578155529503713 0.6931885593220339 0.009171551387260637 0.01934322033898304
10 0.06387065259867135 0.34516419491525424 0.009171551387260649 0.027680084745762706
12 0.722116060961313 0.7171716101694915 0.006334505666275903 0.026779661016949122
9 0.8918522860492379 0.7169173728813559 0.009183274716686205 0.01934322033898304
8 0.4499687377881985 0.7139247881355931 0.006041422430636982 0.016218220338983114
10 0.45995701445877296 0.7136758474576271 0.0054318093005080465 0.013453389830508403
20 0.5983431027745213 0.7238294491525424 0.00878468151621728 0.0671716101694915
0 0.4022235248143806 0.8771292372881356 0.08042985541227043 0.1599364406779661
16 0.3683978116451739 0.7534957627118644 0.002555685814771381 0.03135593220338986
0 0.5513227823368504 0.8907574152542372 0.07289175459163735 0.17420550847457633
16 0.8756740914419696 0.7523252118644067 0.0035560765924188783 0.03729872881355924
16 0.5223720203204377 0.7445603813559322 0.0019929660023446302 0.024014830508474652
16 0.7400722938647909 0.7857838983050848 0.0030832356389214038 0.04432203389830512
16 0.6697772567409145 0.7649841101694915 0.002633841344275111 0.03486228813559319
10 0.6031184056271982 0.6544014830508474 0.025517780382962076 0.06604872881355922
10 0.5226377491207503 0.714936440677966 0.0054318093005080465 0.013453389830508523
10 0.13578155529503713 0.6931885593220339 0.009171551387260637 0.01934322033898304
10 0.06387065259867135 0.34516419491525424 0.009171551387260649 0.027680084745762706
12 0.722116060961313 0.7171716101694915 0.006334505666275903 0.026779661016949122
9 0.8918522860492379 0.7169173728813559 0.009183274716686205 0.01934322033898304
8 0.4499687377881985 0.7139247881355931 0.006041422430636982 0.016218220338983114
10 0.45995701445877296 0.7136758474576271 0.0054318093005080465 0.013453389830508403
20 0.5983431027745213 0.7238294491525424 0.00878468151621728 0.0671716101694915
0 0.4022235248143806 0.8771292372881356 0.08042985541227043 0.1599364406779661
16 0.3683978116451739 0.7534957627118644 0.002555685814771381 0.03135593220338986
0 0.5513227823368504 0.8907574152542372 0.07289175459163735 0.17420550847457633
16 0.8756740914419696 0.7523252118644067 0.0035560765924188783 0.03729872881355924
16 0.5223720203204377 0.7445603813559322 0.0019929660023446302 0.024014830508474652
16 0.7400722938647909 0.7857838983050848 0.0030832356389214038 0.04432203389830512
16 0.6697772567409145 0.7649841101694915 0.002633841344275111 0.03486228813559319
