10 0.7635479951397327 0.584898119122257 0.048238153098420465 0.10763322884012541
0 0.5170382746051033 0.6386128526645768 0.012934386391251565 0.025188087774294748
0 0.4843043742405832 0.6409952978056426 0.01438031591737543 0.02177115987460813
0 0.508730255164034 0.6420846394984325 0.016682867557715697 0.030877742946708447
0 0.3544744835965978 0.6845768025078369 0.04743013365735119 0.07097178683385576
8 0.6412788578371811 0.5734247648902822 0.01634872417982994 0.044059561128526575
0 0.3300789793438639 0.6651489028213167 0.038019441069258836 0.05716300940438876
1 0.4318681652490887 0.619153605015674 0.05448967193195629 0.11686520376175549
5 0.6402035236938032 0.6168181818181818 0.014368165249088617 0.03658307210031344
0 0.5458991494532199 0.6420376175548589 0.015978128797083883 0.031598746081504654
10 0.7635479951397327 0.584898119122257 0.048238153098420465 0.10763322884012541
0 0.5170382746051033 0.6386128526645768 0.012934386391251565 0.025188087774294748
0 0.4843043742405832 0.6409952978056426 0.01438031591737543 0.02177115987460813
0 0.508730255164034 0.6420846394984325 0.016682867557715697 0.030877742946708447
0 0.3544744835965978 0.6845768025078369 0.04743013365735119 0.07097178683385576
8 0.6412788578371811 0.5734247648902822 0.01634872417982994 0.044059561128526575
0 0.3300789793438639 0.6651489028213167 0.038019441069258836 0.05716300940438876
1 0.4318681652490887 0.619153605015674 0.05448967193195629 0.11686520376175549
5 0.6402035236938032 0.6168181818181818 0.014368165249088617 0.03658307210031344
0 0.5458991494532199 0.6420376175548589 0.015978128797083883 0.031598746081504654
