1 0.31878189550425273 0.622601880877743 0.0559113001215067 0.05178683385579941
1 0.10267314702308628 0.6218652037617555 0.10571081409477522 0.06974921630094044
1 0.4243924665856622 0.6339341692789968 0.03955042527339005 0.07068965517241382
1 0.029103888213851764 0.617076802507837 0.05820777642770353 0.08164576802507842
1 0.5075060753341434 0.6242163009404389 0.06376063183475093 0.04843260188087771
7 0.24487545565006075 0.6088949843260189 0.015364520048602651 0.05459247648902819
1 0.31878189550425273 0.622601880877743 0.0559113001215067 0.05178683385579941
1 0.10267314702308628 0.6218652037617555 0.10571081409477522 0.06974921630094044
1 0.4243924665856622 0.6339341692789968 0.03955042527339005 0.07068965517241382
1 0.029103888213851764 0.617076802507837 0.05820777642770353 0.08164576802507842
1 0.5075060753341434 0.6242163009404389 0.06376063183475093 0.04843260188087771
7 0.24487545565006075 0.6088949843260189 0.015364520048602651 0.05459247648902819
