12 0.4957740384615385 0.48615686274509806 0.021759615384615325 0.03949019607843134
0 0.3400721153846154 0.5486274509803921 0.03687500000000002 0.05254901960784316
1 0.1717548076923077 0.5320588235294118 0.25014423076923076 0.4209803921568627
1 0.4297980769230769 0.4958627450980392 0.020384615384615373 0.03549019607843136
0 0.37625 0.528921568627451 0.023846153846153857 0.035490196078431416
1 0.40274038461538464 0.4941666666666667 0.026634615384615375 0.06088235294117649
12 0.4957740384615385 0.48615686274509806 0.021759615384615325 0.03949019607843134
0 0.3400721153846154 0.5486274509803921 0.03687500000000002 0.05254901960784316
1 0.1717548076923077 0.5320588235294118 0.25014423076923076 0.4209803921568627
1 0.4297980769230769 0.4958627450980392 0.020384615384615373 0.03549019607843136
0 0.37625 0.528921568627451 0.023846153846153857 0.035490196078431416
1 0.40274038461538464 0.4941666666666667 0.026634615384615375 0.06088235294117649
