8 0.419726609963548 0.6647021943573668 0.007958687727824975 0.02115987460815047
8 0.35402187120291617 0.6578840125391849 0.009599027946537032 0.024451410658307155
12 0.40876063183475086 0.6145689655172414 0.01557715674362089 0.039639498432601915
7 0.1575607533414338 0.636935736677116 0.0432989064398542 0.037225705329153605
1 0.2526913730255164 0.6540438871473355 0.09171324422843259 0.32338557993730416
8 0.49743013365735117 0.6748119122257052 0.007472660996354772 0.017868338557993784
0 0.050030376670716886 0.6534482758620689 0.02387606318347509 0.04075235109717868
8 0.419726609963548 0.6647021943573668 0.007958687727824975 0.02115987460815047
8 0.35402187120291617 0.6578840125391849 0.009599027946537032 0.024451410658307155
12 0.40876063183475086 0.6145689655172414 0.01557715674362089 0.039639498432601915
7 0.1575607533414338 0.636935736677116 0.0432989064398542 0.037225705329153605
1 0.2526913730255164 0.6540438871473355 0.09171324422843259 0.32338557993730416
8 0.49743013365735117 0.6748119122257052 0.007472660996354772 0.017868338557993784
0 0.050030376670716886 0.6534482758620689 0.02387606318347509 0.04075235109717868
