3 0.3001518833535844 0.6518730407523511 0.061202916160388796 0.20440438871473357
0 0.3971172539489672 0.634435736677116 0.017855407047387598 0.026489028213166198
3 0.35917679222357224 0.6087931034482759 0.013906439854191972 0.04203761755485892
7 0.3792588092345079 0.5507288401253919 0.010376670716889384 0.0226802507836991
7 0.3619957472660997 0.550705329153605 0.01597205346294044 0.02398119122257055
0 0.5525637910085055 0.6315360501567397 0.05103280680437424 0.037931034482758606
0 0.34817739975698664 0.6275078369905956 0.012150668286755772 0.023354231974921685
3 0.3001518833535844 0.6518730407523511 0.061202916160388796 0.20440438871473357
0 0.3971172539489672 0.634435736677116 0.017855407047387598 0.026489028213166198
3 0.35917679222357224 0.6087931034482759 0.013906439854191972 0.04203761755485892
7 0.3792588092345079 0.5507288401253919 0.010376670716889384 0.0226802507836991
7 0.3619957472660997 0.550705329153605 0.01597205346294044 0.02398119122257055
0 0.5525637910085055 0.6315360501567397 0.05103280680437424 0.037931034482758606
0 0.34817739975698664 0.6275078369905956 0.012150668286755772 0.023354231974921685
