0 0.6896875000000001 0.5240686274509804 0.039509615384615414 0.043784313725490166
0 0.06897115384615385 0.8392843137254902 0.1379423076923077 0.3214313725490196
0 0.719985576923077 0.5932745098039216 0.14120192307692309 0.10764705882352937
1 0.4337980769230769 0.6646274509803922 0.21086538461538457 0.3782745098039216
0 0.13506730769230768 0.7173529411764706 0.17244230769230767 0.21039215686274512
0 0.6661538461538461 0.5189803921568628 0.029884615384615423 0.039882352941176535
0 0.5863365384615384 0.5503333333333332 0.07400000000000004 0.06011764705882358
2 0.869423076923077 0.5417745098039216 0.10409615384615384 0.11394117647058827
20 0.6311057692307692 0.4809803921568627 0.02451923076923077 0.11215686274509802
0 0.6780817307692307 0.5821372549019608 0.10462500000000005 0.08537254901960788
0 0.33459134615384617 0.5241372549019608 0.026740384615384617 0.04074509803921563
0 0.5836153846153846 0.5447156862745098 0.09121153846153847 0.0536274509803922
0 0.6097307692307692 0.5576862745098038 0.0964615384615384 0.07145098039215686
0 0.3110240384615385 0.5417058823529411 0.04962499999999996 0.061058823529411735
10 0.6319711538461539 0.2981960784313725 0.04801923076923082 0.09419607843137254
12 0.9615528846153846 0.47805882352941176 0.0768942307692308 0.21972549019607837
0 0.6896875000000001 0.5240686274509804 0.039509615384615414 0.043784313725490166
0 0.06897115384615385 0.8392843137254902 0.1379423076923077 0.3214313725490196
0 0.719985576923077 0.5932745098039216 0.14120192307692309 0.10764705882352937
1 0.4337980769230769 0.6646274509803922 0.21086538461538457 0.3782745098039216
0 0.13506730769230768 0.7173529411764706 0.17244230769230767 0.21039215686274512
0 0.6661538461538461 0.5189803921568628 0.029884615384615423 0.039882352941176535
0 0.5863365384615384 0.5503333333333332 0.07400000000000004 0.06011764705882358
2 0.869423076923077 0.5417745098039216 0.10409615384615384 0.11394117647058827
20 0.6311057692307692 0.4809803921568627 0.02451923076923077 0.11215686274509802
0 0.6780817307692307 0.5821372549019608 0.10462500000000005 0.08537254901960788
0 0.33459134615384617 0.5241372549019608 0.026740384615384617 0.04074509803921563
0 0.5836153846153846 0.5447156862745098 0.09121153846153847 0.0536274509803922
0 0.6097307692307692 0.5576862745098038 0.0964615384615384 0.07145098039215686
0 0.3110240384615385 0.5417058823529411 0.04962499999999996 0.061058823529411735
10 0.6319711538461539 0.2981960784313725 0.04801923076923082 0.09419607843137254
12 0.9615528846153846 0.47805882352941176 0.0768942307692308 0.21972549019607837
