0 0.3006318347509113 0.7077429467084639 0.09131227217496964 0.07065830721003133
2 0.9072114216281896 0.38705329153605017 0.027424058323207698 0.10018808777429465
10 0.7040461725394898 0.49985109717868337 0.0508140947752127 0.1307366771159875
20 0.6989884568651274 0.6293887147335423 0.026093560145808048 0.1421630094043887
1 0.9611938031591738 0.35548589341692793 0.07761239368165249 0.4678369905956113
0 0.3593469015795869 0.7027899686520376 0.059678007290400986 0.06388714733542318
1 0.7227703523693804 0.7396551724137931 0.5544592952612394 0.5206896551724137
0 0.17661300121506684 0.7007836990595612 0.06427095990279466 0.06457680250783697
0 0.3006318347509113 0.7077429467084639 0.09131227217496964 0.07065830721003133
2 0.9072114216281896 0.38705329153605017 0.027424058323207698 0.10018808777429465
10 0.7040461725394898 0.49985109717868337 0.0508140947752127 0.1307366771159875
20 0.6989884568651274 0.6293887147335423 0.026093560145808048 0.1421630094043887
1 0.9611938031591738 0.35548589341692793 0.07761239368165249 0.4678369905956113
0 0.3593469015795869 0.7027899686520376 0.059678007290400986 0.06388714733542318
1 0.7227703523693804 0.7396551724137931 0.5544592952612394 0.5206896551724137
0 0.17661300121506684 0.7007836990595612 0.06427095990279466 0.06457680250783697
