2 0.34894711538461537 0.5439411764705882 0.09999038461538456 0.23839215686274506
0 0.33706730769230764 0.8591470588235294 0.21125 0.2817058823529412
1 0.40438942307692305 0.5104607843137254 0.08070192307692303 0.15554901960784318
0 0.34738942307692305 0.6768921568627451 0.1127211538461538 0.1497450980392157
1 0.5009134615384616 0.5062843137254903 0.07240384615384617 0.1094313725490196
2 0.34894711538461537 0.5439411764705882 0.09999038461538456 0.23839215686274506
0 0.33706730769230764 0.8591470588235294 0.21125 0.2817058823529412
1 0.40438942307692305 0.5104607843137254 0.08070192307692303 0.15554901960784318
0 0.34738942307692305 0.6768921568627451 0.1127211538461538 0.1497450980392157
1 0.5009134615384616 0.5062843137254903 0.07240384615384617 0.1094313725490196
