1 0.8629769137302552 0.6193103448275862 0.03325637910085055 0.1025705329153605
0 0.5197873633049818 0.6398275862068966 0.027010935601458032 0.03476489028213167
0 0.49787363304981774 0.6402507836990596 0.02782503037667069 0.031410658307210064
0 0.11826549210206562 0.6723197492163009 0.06802551640340218 0.06824451410658301
0 0.8444805589307411 0.6620689655172414 0.027077764277035198 0.04357366771159876
0 0.8102976913730255 0.6778213166144201 0.04416767922235712 0.069435736677116
0 0.6919198055893074 0.7682601880877743 0.10340218712029164 0.13463949843260192
1 0.8629769137302552 0.6193103448275862 0.03325637910085055 0.1025705329153605
0 0.5197873633049818 0.6398275862068966 0.027010935601458032 0.03476489028213167
0 0.49787363304981774 0.6402507836990596 0.02782503037667069 0.031410658307210064
0 0.11826549210206562 0.6723197492163009 0.06802551640340218 0.06824451410658301
0 0.8444805589307411 0.6620689655172414 0.027077764277035198 0.04357366771159876
0 0.8102976913730255 0.6778213166144201 0.04416767922235712 0.069435736677116
0 0.6919198055893074 0.7682601880877743 0.10340218712029164 0.13463949843260192
