7 0.14563487241798298 0.5288793103448275 0.03389428918590524 0.027884012539184985
0 0.15151883353584444 0.6445141065830722 0.024665856622114214 0.04576802507836989
7 0.17559538274605102 0.5298354231974921 0.011543134872417983 0.02869905956112853
0 0.21130012150668287 0.6306426332288402 0.013973268529769137 0.030250783699059577
1 0.13570473876063183 0.5852037617554859 0.015006075334143372 0.027115987460815064
0 0.288730255164034 0.7750783699059561 0.07904009720534627 0.17993730407523503
1 0.2091221142162819 0.59641065830721 0.01976306196840828 0.043040752351097236
0 0.14795868772782506 0.6059404388714734 0.0076549210206561325 0.014263322884012485
1 0.15499392466585662 0.588730407523511 0.015188335358444714 0.031034482758620707
0 0.17396111786148236 0.6094670846394985 0.007897934386391251 0.016300940438871526
0 0.1882077764277035 0.6094827586206897 0.00905224787363307 0.015517241379310398
1 0.25048602673147025 0.6332288401253918 0.048359659781287985 0.15517241379310345
7 0.14563487241798298 0.5288793103448275 0.03389428918590524 0.027884012539184985
0 0.15151883353584444 0.6445141065830722 0.024665856622114214 0.04576802507836989
7 0.17559538274605102 0.5298354231974921 0.011543134872417983 0.02869905956112853
0 0.21130012150668287 0.6306426332288402 0.013973268529769137 0.030250783699059577
1 0.13570473876063183 0.5852037617554859 0.015006075334143372 0.027115987460815064
0 0.288730255164034 0.7750783699059561 0.07904009720534627 0.17993730407523503
1 0.2091221142162819 0.59641065830721 0.01976306196840828 0.043040752351097236
0 0.14795868772782506 0.6059404388714734 0.0076549210206561325 0.014263322884012485
1 0.15499392466585662 0.588730407523511 0.015188335358444714 0.031034482758620707
0 0.17396111786148236 0.6094670846394985 0.007897934386391251 0.016300940438871526
0 0.1882077764277035 0.6094827586206897 0.00905224787363307 0.015517241379310398
1 0.25048602673147025 0.6332288401253918 0.048359659781287985 0.15517241379310345
