3 0.3935007610350076 0.47672131147540986 0.02105022831050226 0.03601873536299765
7 0.4565905631659057 0.25720140515222484 0.0903196347031963 0.16414519906323186
0 0.365148401826484 0.5360538641686182 0.012640791476407925 0.031873536299765776
7 0.33928462709284624 0.2589695550351288 0.11945205479452053 0.16665105386416862
15 0.26807838660578387 0.6195316159250585 0.01183409436834091 0.03522248243559724
3 0.3935007610350076 0.47672131147540986 0.02105022831050226 0.03601873536299765
7 0.4565905631659057 0.25720140515222484 0.0903196347031963 0.16414519906323186
0 0.365148401826484 0.5360538641686182 0.012640791476407925 0.031873536299765776
7 0.33928462709284624 0.2589695550351288 0.11945205479452053 0.16665105386416862
15 0.26807838660578387 0.6195316159250585 0.01183409436834091 0.03522248243559724
