0 0.6746274101094321 0.4637904066736183 0.04602397081813441 0.028352450469238788
0 0.4545284002084419 0.5376485922836288 0.10301198540906725 0.08662148070907194
0 0.40170661803022406 0.5188060479666319 0.08387180823345494 0.0718769551616267
0 0.8159718603439291 0.45156934306569346 0.028504429390307475 0.017841501564129315
0 0.9528191766545075 0.4565954118873827 0.041323606044814984 0.022179353493222087
0 0.3196899426784784 0.6146037539103232 0.11741010943199583 0.15648592283628784
11 0.8980875455966648 0.43761730969760165 0.031641479937467444 0.0500834202294056
0 0.3649270453361126 0.4854327424400417 0.05794163626889002 0.05397288842544322
0 0.8354846274101094 0.45651720542231494 0.03699322563835331 0.020855057351407715
8 0.424676915059927 0.43306569343065693 0.00891610213652945 0.018477580813347265
0 0.6514486711829078 0.4573305526590198 0.02881709223553932 0.0216475495307612
0 0.9885018238665971 0.4613660062565172 0.022996352266805686 0.01997914494264856
11 0.14286607608129231 0.6803232533889468 0.012058363731109975 0.0166006256517205
0 0.791224596143825 0.45365484880083423 0.030536737884314817 0.018946819603753867
0 0.6131162063574778 0.4582116788321168 0.03280875455966651 0.029812304483837364
0 0.7067040125065138 0.46158498435870693 0.03192808754559665 0.023941605839416038
0 0.6746274101094321 0.4637904066736183 0.04602397081813441 0.028352450469238788
0 0.4545284002084419 0.5376485922836288 0.10301198540906725 0.08662148070907194
0 0.40170661803022406 0.5188060479666319 0.08387180823345494 0.0718769551616267
0 0.8159718603439291 0.45156934306569346 0.028504429390307475 0.017841501564129315
0 0.9528191766545075 0.4565954118873827 0.041323606044814984 0.022179353493222087
0 0.3196899426784784 0.6146037539103232 0.11741010943199583 0.15648592283628784
11 0.8980875455966648 0.43761730969760165 0.031641479937467444 0.0500834202294056
0 0.3649270453361126 0.4854327424400417 0.05794163626889002 0.05397288842544322
0 0.8354846274101094 0.45651720542231494 0.03699322563835331 0.020855057351407715
8 0.424676915059927 0.43306569343065693 0.00891610213652945 0.018477580813347265
0 0.6514486711829078 0.4573305526590198 0.02881709223553932 0.0216475495307612
0 0.9885018238665971 0.4613660062565172 0.022996352266805686 0.01997914494264856
11 0.14286607608129231 0.6803232533889468 0.012058363731109975 0.0166006256517205
0 0.791224596143825 0.45365484880083423 0.030536737884314817 0.018946819603753867
0 0.6131162063574778 0.4582116788321168 0.03280875455966651 0.029812304483837364
0 0.7067040125065138 0.46158498435870693 0.03192808754559665 0.023941605839416038
