1 0.07294520547945205 0.505456674473068 0.01590563165905631 0.0443559718969555
15 0.8197564687975646 0.4484309133489462 0.005936073059360696 0.014519906323185052
15 0.9139916286149163 0.460807962529274 0.007831050228310647 0.017822014051522214
15 0.7642846270928463 0.5054566744730679 0.011933028919330338 0.0345667447306792
15 0.8499315068493151 0.4524121779859485 0.007229832572298325 0.01639344262295082
15 0.7749733637747337 0.5150819672131147 0.01507610350076108 0.039203747072599555
1 0.0952283105022831 0.5253395784543325 0.020441400304414003 0.09259953161592505
2 0.011864535768645358 0.5940281030444964 0.023729071537290716 0.13494145199063226
9 0.46453576864535767 0.5115222482435597 0.014611872146118756 0.03644028103044497
15 0.924855403348554 0.5497423887587822 0.028934550989345498 0.07634660421545666
15 0.8394444444444444 0.5329391100702576 0.022176560121765505 0.05730679156908665
15 0.9326750380517502 0.46703747072599533 0.0073439878234397744 0.018430913348946146
4 0.7864535768645359 0.44672131147540983 0.005936073059360696 0.01381733021077278
15 0.8747945205479453 0.4542622950819672 0.007442922374429203 0.014847775175643969
15 0.8960350076103502 0.4576932084309134 0.007245053272450519 0.01693208430913353
15 0.7946423135464232 0.522049180327869 0.018295281582952787 0.046159250585480115
1 0.07294520547945205 0.505456674473068 0.01590563165905631 0.0443559718969555
15 0.8197564687975646 0.4484309133489462 0.005936073059360696 0.014519906323185052
15 0.9139916286149163 0.460807962529274 0.007831050228310647 0.017822014051522214
15 0.7642846270928463 0.5054566744730679 0.011933028919330338 0.0345667447306792
15 0.8499315068493151 0.4524121779859485 0.007229832572298325 0.01639344262295082
15 0.7749733637747337 0.5150819672131147 0.01507610350076108 0.039203747072599555
1 0.0952283105022831 0.5253395784543325 0.020441400304414003 0.09259953161592505
2 0.011864535768645358 0.5940281030444964 0.023729071537290716 0.13494145199063226
9 0.46453576864535767 0.5115222482435597 0.014611872146118756 0.03644028103044497
15 0.924855403348554 0.5497423887587822 0.028934550989345498 0.07634660421545666
15 0.8394444444444444 0.5329391100702576 0.022176560121765505 0.05730679156908665
15 0.9326750380517502 0.46703747072599533 0.0073439878234397744 0.018430913348946146
4 0.7864535768645359 0.44672131147540983 0.005936073059360696 0.01381733021077278
15 0.8747945205479453 0.4542622950819672 0.007442922374429203 0.014847775175643969
15 0.8960350076103502 0.4576932084309134 0.007245053272450519 0.01693208430913353
15 0.7946423135464232 0.522049180327869 0.018295281582952787 0.046159250585480115
