0 0.2611567732115677 0.5256674473067916 0.02535768645357686 0.07053864168618268
0 0.1890220700152207 0.5009016393442622 0.01929223744292239 0.04583138173302106
0 0.19600456621004567 0.4743793911007026 0.010350076103500779 0.02459016393442623
1 0.025913242009132417 0.4454332552693208 0.03538812785388128 0.06463700234192037
1 0.19558599695585996 0.4491803278688525 0.026788432267884337 0.03747072599531616
1 0.3616780821917808 0.4577049180327869 0.03203196347031966 0.10229508196721313
0 0.06341324200913241 0.47014051522248246 0.018942161339421615 0.024730679156908672
0 0.2611567732115677 0.5256674473067916 0.02535768645357686 0.07053864168618268
0 0.1890220700152207 0.5009016393442622 0.01929223744292239 0.04583138173302106
0 0.19600456621004567 0.4743793911007026 0.010350076103500779 0.02459016393442623
1 0.025913242009132417 0.4454332552693208 0.03538812785388128 0.06463700234192037
1 0.19558599695585996 0.4491803278688525 0.026788432267884337 0.03747072599531616
1 0.3616780821917808 0.4577049180327869 0.03203196347031966 0.10229508196721313
0 0.06341324200913241 0.47014051522248246 0.018942161339421615 0.024730679156908672
