0 0.10401511203751954 0.4236131386861314 0.008989056800416884 0.012460896767466157
7 0.5260578426263679 0.43891553701772673 0.012397081813444483 0.016642335766423336
0 0.4168264721208963 0.5272732012513034 0.054184471078686826 0.08059436913451508
1 0.9339421573736322 0.46373826903023985 0.1321156852527358 0.16345151199165797
7 0.688460135487233 0.45313347236704904 0.11031266284523192 0.2535245046923879
7 0.5349504950495049 0.43651199165797705 0.01553934340802504 0.023910323253388953
7 0.5283793642522148 0.420563086548488 0.010463783220427327 0.033117831074035445
3 0.33937988535695673 0.4536235662148071 0.05954142782699322 0.07377476538060479
0 0.14014590932777488 0.8007142857142857 0.0061698801459093445 0.007726798748696645
0 0.8530640958832725 0.5615224191866528 0.15859301719645658 0.11074035453597503
