0 0.3506253256904638 0.6008863399374348 0.09822824387701928 0.13503649635036497
3 0.10532829598749349 0.43361313868613144 0.014783741532047943 0.022221063607924925
15 0.500656591974987 0.3512148070907195 0.006086503387180857 0.0075599582898852975
7 0.5001250651380927 0.37406152241918667 0.032767066180302236 0.03561001042752871
7 0.5402318916102136 0.37390510948905115 0.025195414278270004 0.03654848800834203
15 0.5501016154247004 0.3505891553701773 0.006717040125065072 0.0067257559958289765
3 0.4710135487232934 0.46006256517205424 0.027488275143303802 0.06506777893639205
0 0.5101615424700364 0.47523461939520334 0.015112037519541427 0.02429614181438994
1 0.5104689942678478 0.44962460896767464 0.01270453361125586 0.032971845672575606
0 0.3506253256904638 0.6008863399374348 0.09822824387701928 0.13503649635036497
3 0.10532829598749349 0.43361313868613144 0.014783741532047943 0.022221063607924925
15 0.500656591974987 0.3512148070907195 0.006086503387180857 0.0075599582898852975
7 0.5001250651380927 0.37406152241918667 0.032767066180302236 0.03561001042752871
7 0.5402318916102136 0.37390510948905115 0.025195414278270004 0.03654848800834203
15 0.5501016154247004 0.3505891553701773 0.006717040125065072 0.0067257559958289765
3 0.4710135487232934 0.46006256517205424 0.027488275143303802 0.06506777893639205
0 0.5101615424700364 0.47523461939520334 0.015112037519541427 0.02429614181438994
1 0.5104689942678478 0.44962460896767464 0.01270453361125586 0.032971845672575606
