2 0.2421993911719939 0.5534192037470727 0.03675799086757987 0.10918032786885247
7 0.3594330289193303 0.45425058548009367 0.014847792998477924 0.021709601873536256
7 0.3482115677321157 0.5128805620608899 0.020928462709284626 0.029976580796252955
1 0.26573059360730594 0.5165105386416862 0.028523592085235933 0.06112412177985947
1 0.28782343987823444 0.554824355971897 0.03515981735159816 0.14229508196721316
0 0.2855022831050228 0.6340749414519906 0.03782343987823439 0.09203747072599527
0 0.20936834094368342 0.6209601873536299 0.03879756468797566 0.08407494145199071
1 0.21646879756468798 0.5250585480093677 0.0389041095890411 0.08337236533957844
1 0.18242389649923896 0.5289227166276347 0.04945966514459664 0.10749414519906325
0 0.12435312024353118 0.5981030444964871 0.027853881278538807 0.06093676814988286
1 0.12818493150684931 0.5354683840749415 0.07856164383561645 0.1505620608899298
1 0.024474885844748856 0.5560421545667448 0.04894977168949771 0.24974238875878216
2 0.2421993911719939 0.5534192037470727 0.03675799086757987 0.10918032786885247
7 0.3594330289193303 0.45425058548009367 0.014847792998477924 0.021709601873536256
7 0.3482115677321157 0.5128805620608899 0.020928462709284626 0.029976580796252955
1 0.26573059360730594 0.5165105386416862 0.028523592085235933 0.06112412177985947
1 0.28782343987823444 0.554824355971897 0.03515981735159816 0.14229508196721316
0 0.2855022831050228 0.6340749414519906 0.03782343987823439 0.09203747072599527
0 0.20936834094368342 0.6209601873536299 0.03879756468797566 0.08407494145199071
1 0.21646879756468798 0.5250585480093677 0.0389041095890411 0.08337236533957844
1 0.18242389649923896 0.5289227166276347 0.04945966514459664 0.10749414519906325
0 0.12435312024353118 0.5981030444964871 0.027853881278538807 0.06093676814988286
1 0.12818493150684931 0.5354683840749415 0.07856164383561645 0.1505620608899298
1 0.024474885844748856 0.5560421545667448 0.04894977168949771 0.24974238875878216
