1 0.9158713850837138 0.7167564402810305 0.03752663622526632 0.076135831381733
8 0.932496194824962 0.7481381733021079 0.01736681887366814 0.04021077283372369
0 0.7298706240487062 0.7951522248243559 0.04832572298325723 0.10056206088992974
1 0.47566971080669707 0.6164051522248245 0.0992846270928463 0.13772833723653397
1 0.6545205479452054 0.6529391100702576 0.06736681887366817 0.09599531615925061
1 0.7981963470319634 0.7097189695550351 0.07331811263318115 0.15480093676814993
8 0.7340182648401826 0.6827166276346603 0.0136986301369863 0.03503512880562056
1 0.9158713850837138 0.7167564402810305 0.03752663622526632 0.076135831381733
8 0.932496194824962 0.7481381733021079 0.01736681887366814 0.04021077283372369
0 0.7298706240487062 0.7951522248243559 0.04832572298325723 0.10056206088992974
1 0.47566971080669707 0.6164051522248245 0.0992846270928463 0.13772833723653397
1 0.6545205479452054 0.6529391100702576 0.06736681887366817 0.09599531615925061
1 0.7981963470319634 0.7097189695550351 0.07331811263318115 0.15480093676814993
8 0.7340182648401826 0.6827166276346603 0.0136986301369863 0.03503512880562056
