17 0.42102657634184476 0.50859228362878 0.013288170922355394 0.06540145985401463
3 0.4798280354351224 0.4646558915537018 0.032840020844189674 0.08778936392075078
17 0.44093538301198537 0.492429614181439 0.007446586763939533 0.04913451511991659
17 0.3543277748827514 0.5292700729927007 0.020099009900990124 0.08565172054223148
18 0.6519775924960917 0.5638529718456726 0.021735278791037017 0.09732012513034409
17 0.39700625325690464 0.516939520333681 0.015534132360604453 0.07444212721584989
17 0.4459979155810318 0.48163712200208547 0.006951537258989014 0.03793534932221063
17 0.44964564877540386 0.47506256517205425 0.00549244398124021 0.029374348279457785
17 0.4429859301719645 0.4854796663190824 0.0068681605002605265 0.04478623566214806
17 0.4354220948410631 0.5000886339937435 0.010239708181344438 0.05738269030239836
1 0.12215997915581032 0.4238790406673618 0.016336633663366334 0.037122002085505756
17 0.4518551328817092 0.4722471324296142 0.0044919228764981785 0.027288842544317012
17 0.3252527357998958 0.5447862356621481 0.017821782178217845 0.1004796663190824
17 0.4471625846795206 0.47809176225234623 0.006883793642522166 0.03251303441084464
0 0.4890958832725378 0.5095516162669448 0.033585200625325655 0.054306569343065735
17 0.42102657634184476 0.50859228362878 0.013288170922355394 0.06540145985401463
3 0.4798280354351224 0.4646558915537018 0.032840020844189674 0.08778936392075078
17 0.44093538301198537 0.492429614181439 0.007446586763939533 0.04913451511991659
17 0.3543277748827514 0.5292700729927007 0.020099009900990124 0.08565172054223148
18 0.6519775924960917 0.5638529718456726 0.021735278791037017 0.09732012513034409
17 0.39700625325690464 0.516939520333681 0.015534132360604453 0.07444212721584989
17 0.4459979155810318 0.48163712200208547 0.006951537258989014 0.03793534932221063
17 0.44964564877540386 0.47506256517205425 0.00549244398124021 0.029374348279457785
17 0.4429859301719645 0.4854796663190824 0.0068681605002605265 0.04478623566214806
17 0.4354220948410631 0.5000886339937435 0.010239708181344438 0.05738269030239836
1 0.12215997915581032 0.4238790406673618 0.016336633663366334 0.037122002085505756
17 0.4518551328817092 0.4722471324296142 0.0044919228764981785 0.027288842544317012
17 0.3252527357998958 0.5447862356621481 0.017821782178217845 0.1004796663190824
17 0.4471625846795206 0.47809176225234623 0.006883793642522166 0.03251303441084464
0 0.4890958832725378 0.5095516162669448 0.033585200625325655 0.054306569343065735
