3 0.49123241271495566 0.45373826903023984 0.018681605002605534 0.044973931178310736
17 0.062256383533090154 0.445318039624609 0.009619593538301194 0.027612095933263834
17 0.4735304846274101 0.47413972888425443 0.005831162063574748 0.03023983315954119
17 0.0591558103178739 0.452851929092805 0.010922355393434077 0.03465067778936388
17 0.46499218342886917 0.4863242961418144 0.006857738405419473 0.04132429614181438
17 0.46235278791037 0.491444212721585 0.008176133402813994 0.04901981230448383
17 0.46764981761334035 0.48266423357664234 0.006023970818134476 0.0342544316996872
17 0.41653986451276703 0.5559645464025027 0.021323606044814987 0.11372262773722634
0 0.4989265242313705 0.47520333680917626 0.016008337675872807 0.025610010427528678
17 0.08706096925482021 0.8623357664233576 0.018791036998436688 0.05968717413972889
17 0.3817926003126629 0.609363920750782 0.035893694632621154 0.16298227320125125
17 0.4360917144346013 0.5284619395203336 0.016612819176654504 0.08280500521376437
17 0.10015372589890567 0.8359593326381647 0.008655549765502873 0.029436913451511892
17 0.04678478374153205 0.4642544316996872 0.015549765502866077 0.045630865484880136
17 0.4469645648775404 0.5109906152241919 0.012480458572173031 0.06644421272158495
17 0.4702735799895779 0.47818039624608966 0.006508598228243882 0.0319603753910323
17 0.45522407503908285 0.4993013555787279 0.009822824387701939 0.05624608967674661
17 0.021073475768629495 0.48922314911366005 0.025284002084418968 0.06701772679874873
17 0.10955184992183428 0.8266527632950991 0.006743095362167794 0.01968717413972888
