1 0.039421573736321006 0.5091762252346194 0.07884314747264201 0.1441084462982273
3 0.6416831683168316 0.4560323253388947 0.026128191766545128 0.0633055265901981
0 0.5756826472120897 0.46593847758081336 0.014658676393955123 0.015985401459854
0 0.5237962480458572 0.4820333680917622 0.02473684210526323 0.0361418143899896
0 0.5867378843147472 0.4604900938477581 0.011099531005732128 0.016287799791449432
1 0.1006852527357999 0.8862982273201252 0.053376758728504434 0.06805005213764337
0 0.610049504950495 0.4693117831074035 0.014398124022928666 0.020875912408759106
0 0.5579702970297029 0.46838894681960375 0.018191766545075604 0.024786235662148052
9 0.15870244919228765 0.48234619395203343 0.1381448671182908 0.2526173096976017
18 0.678165711307973 0.43717413972888425 0.0060448150078166426 0.024087591240875936
10 0.6792860865033873 0.41303441084462983 0.010786868160500285 0.022106360792492168
18 0.6382230328295988 0.33143899895724716 0.007556018759770714 0.03388946819603754
0 0.4540385617509119 0.5096767466110532 0.04293903074517977 0.05455683003128264
21 0.5848045857217301 0.5030969760166841 0.027566440854611823 0.011783107403545372
18 0.5981500781657113 0.33451511991657973 0.006930693069306907 0.03315954118873828
0 0.6440020844189683 0.4844421272158499 0.022073996873371495 0.03524504692387905
21 0.6374101094319958 0.5035140771637122 0.013236060448150126 0.010948905109489052
1 0.039421573736321006 0.5091762252346194 0.07884314747264201 0.1441084462982273
3 0.6416831683168316 0.4560323253388947 0.026128191766545128 0.0633055265901981
0 0.5756826472120897 0.46593847758081336 0.014658676393955123 0.015985401459854
0 0.5237962480458572 0.4820333680917622 0.02473684210526323 0.0361418143899896
0 0.5867378843147472 0.4604900938477581 0.011099531005732128 0.016287799791449432
1 0.1006852527357999 0.8862982273201252 0.053376758728504434 0.06805005213764337
0 0.610049504950495 0.4693117831074035 0.014398124022928666 0.020875912408759106
0 0.5579702970297029 0.46838894681960375 0.018191766545075604 0.024786235662148052
9 0.15870244919228765 0.48234619395203343 0.1381448671182908 0.2526173096976017
18 0.678165711307973 0.43717413972888425 0.0060448150078166426 0.024087591240875936
10 0.6792860865033873 0.41303441084462983 0.010786868160500285 0.022106360792492168
18 0.6382230328295988 0.33143899895724716 0.007556018759770714 0.03388946819603754
0 0.4540385617509119 0.5096767466110532 0.04293903074517977 0.05455683003128264
21 0.5848045857217301 0.5030969760166841 0.027566440854611823 0.011783107403545372
18 0.5981500781657113 0.33451511991657973 0.006930693069306907 0.03315954118873828
0 0.6440020844189683 0.4844421272158499 0.022073996873371495 0.03524504692387905
21 0.6374101094319958 0.5035140771637122 0.013236060448150126 0.010948905109489052
