9 0.5378843147472642 0.49734098018769557 0.013861386138613874 0.02429614181439
7 0.351902032308494 0.5409436913451512 0.09848879624804585 0.18881126173096968
7 0.3486451276706618 0.3548488008342022 0.10270974465867641 0.20771637122002085
1 0.1849400729546639 0.5479979144942648 0.3698801459093278 0.5945151199165798
6 0.506696195935383 0.5007820646506778 0.00724335591453881 0.013660062565172078
9 0.5378843147472642 0.49734098018769557 0.013861386138613874 0.02429614181439
7 0.351902032308494 0.5409436913451512 0.09848879624804585 0.18881126173096968
7 0.3486451276706618 0.3548488008342022 0.10270974465867641 0.20771637122002085
1 0.1849400729546639 0.5479979144942648 0.3698801459093278 0.5945151199165798
6 0.506696195935383 0.5007820646506778 0.00724335591453881 0.013660062565172078
