7 0.691539864512767 0.4893587069864442 0.039317352787910397 0.13865484880083417
0 0.15781917665450756 0.31347758081334726 0.012272016675351752 0.018863399374348312
0 0.19564877540385617 0.7941657977059438 0.28899426784783744 0.3365693430656934
16 0.5123762376237624 0.5214285714285714 0.002032308494007343 0.009176225234619407
1 0.4384340802501303 0.5069708029197081 0.0075924960917144015 0.020344108446298217
16 0.5335747785304846 0.5318561001042752 0.002032308494007343 0.012513034410844571
7 0.691539864512767 0.4893587069864442 0.039317352787910397 0.13865484880083417
0 0.15781917665450756 0.31347758081334726 0.012272016675351752 0.018863399374348312
0 0.19564877540385617 0.7941657977059438 0.28899426784783744 0.3365693430656934
16 0.5123762376237624 0.5214285714285714 0.002032308494007343 0.009176225234619407
1 0.4384340802501303 0.5069708029197081 0.0075924960917144015 0.020344108446298217
16 0.5335747785304846 0.5318561001042752 0.002032308494007343 0.012513034410844571
