0 0.01902587519025875 0.48000000000000004 0.027777777777777776 0.040983606557377046
0 0.3773211567732116 0.484215456674473 0.017808219178082174 0.037658079625292766
7 0.4790068493150685 0.33081967213114755 0.040220700152207016 0.05227166276346602
0 0.36316590563165907 0.6953395784543325 0.07482496194824961 0.19812646370023412
0 0.07918569254185694 0.5247306791569086 0.06940639269406393 0.08313817330210772
1 0.5772678843226788 0.5537470725995317 0.2398630136986301 0.593208430913349
0 0.10011035007610349 0.8434777517564402 0.1930669710806697 0.31304449648711946
0 0.01902587519025875 0.48000000000000004 0.027777777777777776 0.040983606557377046
0 0.3773211567732116 0.484215456674473 0.017808219178082174 0.037658079625292766
7 0.4790068493150685 0.33081967213114755 0.040220700152207016 0.05227166276346602
0 0.36316590563165907 0.6953395784543325 0.07482496194824961 0.19812646370023412
0 0.07918569254185694 0.5247306791569086 0.06940639269406393 0.08313817330210772
1 0.5772678843226788 0.5537470725995317 0.2398630136986301 0.593208430913349
0 0.10011035007610349 0.8434777517564402 0.1930669710806697 0.31304449648711946
