6 0.21934080250130275 0.5264389989572471 0.026039603960396025 0.05275286757038579
1 0.41949192287649817 0.5335453597497393 0.015002605523710247 0.03284671532846709
3 0.49927566440854615 0.535490093847758 0.01572694111516418 0.03850886339937436
1 0.45661803022407504 0.5538321167883211 0.07025534132360602 0.1376955161626694
1 0.18322824387701928 0.5576955161626693 0.18907243355914538 0.18659019812304478
7 0.6920661803022408 0.45337851929092804 0.07782699322563831 0.15076120959332637
0 0.3946717040125065 0.5460062565172055 0.016388744137571677 0.0244421272158499
7 0.5157269411151642 0.5235870698644421 0.019531005732152114 0.014556830031282624
0 0.13558103178738926 0.7771845672575599 0.02851485148514853 0.02827945776850887
0 0.1407477853048463 0.345985401459854 0.019359041167274625 0.018769551616266946
6 0.7180614903595622 0.527570385818561 0.0272225117248567 0.054098018769551615
6 0.21934080250130275 0.5264389989572471 0.026039603960396025 0.05275286757038579
1 0.41949192287649817 0.5335453597497393 0.015002605523710247 0.03284671532846709
3 0.49927566440854615 0.535490093847758 0.01572694111516418 0.03850886339937436
1 0.45661803022407504 0.5538321167883211 0.07025534132360602 0.1376955161626694
1 0.18322824387701928 0.5576955161626693 0.18907243355914538 0.18659019812304478
7 0.6920661803022408 0.45337851929092804 0.07782699322563831 0.15076120959332637
0 0.3946717040125065 0.5460062565172055 0.016388744137571677 0.0244421272158499
7 0.5157269411151642 0.5235870698644421 0.019531005732152114 0.014556830031282624
0 0.13558103178738926 0.7771845672575599 0.02851485148514853 0.02827945776850887
0 0.1407477853048463 0.345985401459854 0.019359041167274625 0.018769551616266946
6 0.7180614903595622 0.527570385818561 0.0272225117248567 0.054098018769551615
