7 0.27907534246575344 0.35531615925058546 0.044710806697108064 0.07807962529273998
7 0.32542998477929985 0.3560889929742389 0.04442161339421614 0.07564402810304445
7 0.28281202435312025 0.5080444964871195 0.021438356164383575 0.03018735362997655
7 0.23201674277016743 0.35322014051522244 0.0450076103500761 0.07852459016393443
7 0.25007610350076104 0.505632318501171 0.021430745814307477 0.03018735362997655
1 0.704775494672755 0.498407494145199 0.5874809741248097 0.996814988290398
0 0.07399543378995434 0.8351990632318501 0.14799086757990867 0.297751756440281
0 0.28611491628614916 0.7333021077283373 0.0723972602739726 0.2004215456674474
1 0.3582990867579909 0.5345081967213116 0.07565449010654487 0.22545667447306794
7 0.27907534246575344 0.35531615925058546 0.044710806697108064 0.07807962529273998
7 0.32542998477929985 0.3560889929742389 0.04442161339421614 0.07564402810304445
7 0.28281202435312025 0.5080444964871195 0.021438356164383575 0.03018735362997655
7 0.23201674277016743 0.35322014051522244 0.0450076103500761 0.07852459016393443
7 0.25007610350076104 0.505632318501171 0.021430745814307477 0.03018735362997655
1 0.704775494672755 0.498407494145199 0.5874809741248097 0.996814988290398
0 0.07399543378995434 0.8351990632318501 0.14799086757990867 0.297751756440281
0 0.28611491628614916 0.7333021077283373 0.0723972602739726 0.2004215456674474
1 0.3582990867579909 0.5345081967213116 0.07565449010654487 0.22545667447306794
