8 0.9428348554033485 0.613887587822014 0.053066971080669725 0.1495081967213115
1 0.43649162861491625 0.666264637002342 0.01485540334855402 0.06278688524590165
6 0.6276712328767123 0.6387587822014051 0.02465753424657541 0.06885245901639339
8 0.5379984779299848 0.6492974238875878 0.01958904109589042 0.05807962529273994
1 0.4028082191780822 0.6646370023419202 0.047747336377473325 0.09320843091334897
1 0.23759512937595129 0.6752810304449649 0.036240487062404875 0.15224824355971903
8 0.9428348554033485 0.613887587822014 0.053066971080669725 0.1495081967213115
1 0.43649162861491625 0.666264637002342 0.01485540334855402 0.06278688524590165
6 0.6276712328767123 0.6387587822014051 0.02465753424657541 0.06885245901639339
8 0.5379984779299848 0.6492974238875878 0.01958904109589042 0.05807962529273994
1 0.4028082191780822 0.6646370023419202 0.047747336377473325 0.09320843091334897
1 0.23759512937595129 0.6752810304449649 0.036240487062404875 0.15224824355971903
