16 0.33337899543378996 0.5587704918032786 0.003546423135464207 0.030421545667447328
16 0.2452435312024353 0.5343325526932085 0.0025114155251141205 0.022763466042154564
9 0.3424695585996956 0.5083723653395784 0.016811263318112658 0.046533957845433266
16 0.0932876712328767 0.6415456674473068 0.0035464231354642287 0.08459016393442624
16 0.38290334855403346 0.6391686182669789 0.004482496194824951 0.09145199063231846
16 0.19701674277016742 0.5647189695550351 0.003363774733637716 0.0404449648711944
16 0.33337899543378996 0.5587704918032786 0.003546423135464207 0.030421545667447328
16 0.2452435312024353 0.5343325526932085 0.0025114155251141205 0.022763466042154564
9 0.3424695585996956 0.5083723653395784 0.016811263318112658 0.046533957845433266
16 0.0932876712328767 0.6415456674473068 0.0035464231354642287 0.08459016393442624
16 0.38290334855403346 0.6391686182669789 0.004482496194824951 0.09145199063231846
16 0.19701674277016742 0.5647189695550351 0.003363774733637716 0.0404449648711944
