17 0.4969710806697108 0.747751756440281 0.02159817351598173 0.12613583138173307
8 0.5203082191780821 0.9194379391100703 0.02437595129375958 0.15943793911007023
8 0.4342351598173516 0.604519906323185 0.007024353120243545 0.05105386416861823
8 0.4657572298325723 0.8420374707259953 0.026461187214611857 0.18613583138173306
8 0.44367199391171996 0.7779274004683839 0.018287671232876692 0.14859484777517562
8 0.43682648401826485 0.7094028103044495 0.011887366818873672 0.10297423887587816
8 0.42640791476407913 0.6856206088992974 0.011887366818873672 0.10295081967213124
0 0.38128995433789953 0.5503161592505855 0.033858447488584485 0.07252927400468384
17 0.507271689497717 0.7575175644028103 0.021590563165905637 0.12613583138173307
17 0.47839802130898024 0.7528103044496487 0.021590563165905637 0.12613583138173307
2 0.46351217656012184 0.5897189695550351 0.05714611872146121 0.12735362997658078
17 0.4956544901065449 0.7875292740046838 0.024764079147640762 0.12611241217798586
