17 0.45710806697108064 0.7705854800936768 0.017640791476407965 0.14533957845433257
16 0.33273972602739726 0.6107494145199064 0.00380517503805175 0.052693208430913414
6 0.3732496194824962 0.5373536299765808 0.016362252663622526 0.04566744730679157
17 0.42341324200913244 0.7218501170960188 0.01577625570776257 0.11803278688524599
17 0.5337100456621005 0.8795081967213115 0.03254946727549466 0.19929742388758787
17 0.06423135464231355 0.826182669789227 0.02995433789954338 0.1784543325526932
17 0.08566210045662101 0.7772599531615925 0.02083713850837138 0.15091334894613584
3 0.19054033485540336 0.5746018735362998 0.06911719939117197 0.2914051522248244
17 0.09439117199391173 0.7474707259953162 0.017808219178082185 0.13405152224824357
17 0.45710806697108064 0.7705854800936768 0.017640791476407965 0.14533957845433257
16 0.33273972602739726 0.6107494145199064 0.00380517503805175 0.052693208430913414
6 0.3732496194824962 0.5373536299765808 0.016362252663622526 0.04566744730679157
17 0.42341324200913244 0.7218501170960188 0.01577625570776257 0.11803278688524599
17 0.5337100456621005 0.8795081967213115 0.03254946727549466 0.19929742388758787
17 0.06423135464231355 0.826182669789227 0.02995433789954338 0.1784543325526932
17 0.08566210045662101 0.7772599531615925 0.02083713850837138 0.15091334894613584
3 0.19054033485540336 0.5746018735362998 0.06911719939117197 0.2914051522248244
17 0.09439117199391173 0.7474707259953162 0.017808219178082185 0.13405152224824357
