16 0.18853500761035008 0.5744964871194379 0.003006088280060896 0.04955503512880561
9 0.3226902587519026 0.49850117096018737 0.012351598173515995 0.037751756440280976
16 0.3055593607305936 0.5396018735362997 0.0028386605783866196 0.030023419203747057
16 0.3336187214611872 0.5748829039812647 0.0031735159817351285 0.05187353629976582
16 0.22507229832572298 0.5391920374707261 0.002168949771689515 0.029297423887587867
16 0.6055213089802131 0.9184777517564403 0.01816590563165906 0.16304449648711944
16 0.18853500761035008 0.5744964871194379 0.003006088280060896 0.04955503512880561
9 0.3226902587519026 0.49850117096018737 0.012351598173515995 0.037751756440280976
16 0.3055593607305936 0.5396018735362997 0.0028386605783866196 0.030023419203747057
16 0.3336187214611872 0.5748829039812647 0.0031735159817351285 0.05187353629976582
16 0.22507229832572298 0.5391920374707261 0.002168949771689515 0.029297423887587867
16 0.6055213089802131 0.9184777517564403 0.01816590563165906 0.16304449648711944
