0 0.29571621621621624 0.6402719665271965 0.03550450450450448 0.06234309623430965
0 0.25486036036036036 0.6498744769874477 0.05127027027027029 0.10230125523012548
0 0.47270270270270276 0.6098117154811715 0.025315315315315334 0.04811715481171548
0 0.4290990990990991 0.6177615062761507 0.02081081081081083 0.03765690376569038
20 0.5825765765765766 0.18539748953974897 0.045675675675675716 0.0502092050209205
20 0.4573873873873874 0.48397489539748956 0.010000000000000021 0.010878661087866085
20 0.7266306306306306 0.4640167364016737 0.013063063063063063 0.08158995815899582
20 0.43045045045045044 0.48439330543933057 0.0098198198198198 0.011297071129707124
20 0.4635225225225225 0.1850836820083682 0.045225225225225214 0.05000000000000001
0 0.27990540540540537 0.647489539748954 0.03703603603603605 0.07133891213389126
18 0.33513513513513515 0.18943514644351464 0.043243243243243246 0.051255230125523014
1 0.42882882882882883 0.5739330543933056 0.029639639639639618 0.11652719665271964
1 0.21761711711711712 0.6297071129707112 0.09993693693693692 0.2089539748953975
20 0.4012612612612612 0.48428870292887033 0.011081081081081091 0.013179916317991596
0 0.29571621621621624 0.6402719665271965 0.03550450450450448 0.06234309623430965
0 0.25486036036036036 0.6498744769874477 0.05127027027027029 0.10230125523012548
0 0.47270270270270276 0.6098117154811715 0.025315315315315334 0.04811715481171548
0 0.4290990990990991 0.6177615062761507 0.02081081081081083 0.03765690376569038
20 0.5825765765765766 0.18539748953974897 0.045675675675675716 0.0502092050209205
20 0.4573873873873874 0.48397489539748956 0.010000000000000021 0.010878661087866085
20 0.7266306306306306 0.4640167364016737 0.013063063063063063 0.08158995815899582
20 0.43045045045045044 0.48439330543933057 0.0098198198198198 0.011297071129707124
20 0.4635225225225225 0.1850836820083682 0.045225225225225214 0.05000000000000001
0 0.27990540540540537 0.647489539748954 0.03703603603603605 0.07133891213389126
18 0.33513513513513515 0.18943514644351464 0.043243243243243246 0.051255230125523014
1 0.42882882882882883 0.5739330543933056 0.029639639639639618 0.11652719665271964
1 0.21761711711711712 0.6297071129707112 0.09993693693693692 0.2089539748953975
20 0.4012612612612612 0.48428870292887033 0.011081081081081091 0.013179916317991596
