19 0.3352027027027027 0.18801255230125524 0.044603603603603596 0.046610878661087866
0 0.4658648648648649 0.6067573221757322 0.016486486486486495 0.038075313807531354
0 0.4732522522522523 0.6107322175732216 0.025495495495495506 0.04560669456066948
20 0.4634414414414415 0.18334728033472802 0.04627027027027028 0.04790794979079499
0 0.46118018018018014 0.6014225941422594 0.015945945945945936 0.03535564853556492
0 0.2972612612612613 0.6399581589958159 0.03329729729729728 0.06351464435146434
1 0.2175405405405405 0.6310460251046025 0.09762162162162161 0.20401673640167362
0 0.2779459459459459 0.6487866108786611 0.03985585585585586 0.07129707112970719
20 0.5821981981981982 0.18334728033472802 0.04405405405405414 0.04790794979079499
20 0.7274369369369369 0.46689330543933055 0.0133783783783784 0.08416317991631797
1 0.42923423423423424 0.5763598326359832 0.02918918918918917 0.11192468619246862
20 0.4570945945945946 0.48486401673640167 0.010117117117117134 0.011443514644351461
20 0.4302522522522523 0.485010460251046 0.01010810810810808 0.011736401673640137
18 0.40166216216216216 0.48486401673640167 0.010243243243243196 0.011443514644351461
0 0.25434684684684683 0.6490376569037657 0.052477477477477476 0.09740585774058579
0 0.4295315315315315 0.6134518828451884 0.021045045045045008 0.04602510460251046
