0 0.019325169359041168 0.3411366006256517 0.01711829077644606 0.020500521376433812
0 0.45860343929129754 0.556444212721585 0.02770192808754558 0.039854014598540176
21 0.4487858259510162 0.5880761209593326 0.018051068264721203 0.024598540145985434
7 0.8923475768629494 0.37870698644421275 0.14364252214695158 0.05568300312825858
1 0.19578426263679 0.5467570385818561 0.13129755080771235 0.16504692387904069
0 0.5142912975508077 0.6069864442127216 0.04548723293381968 0.08160583941605838
7 0.8899035956227201 0.49156934306569344 0.14778009379885354 0.16403545359749747
0 0.3737128712871287 0.6648748696558916 0.10995831162063574 0.11784150156412929
0 0.043989056800416884 0.8975286757038582 0.017587285044293903 0.024316996871741332
0 0.5059848879624804 0.5569082377476539 0.017274622199062 0.025224191866527572
0 0.5059848879624804 0.5569082377476539 0.017274622199062 0.025224191866527572
0 0.37341323606044813 0.6686079249217934 0.08850442939030746 0.1165901981230449
0 0.514166232412715 0.6095203336809176 0.043892652423137 0.06771637122002092
0 0.4604168837936425 0.5560062565172055 0.021219385096404392 0.03647549530761211
1 0.4969958311620636 0.526444212721585 0.01163626889004686 0.03220020855057345
0 0.043989056800416884 0.8975286757038582 0.017587285044293903 0.024316996871741332
21 0.4490359562272017 0.5856986444212721 0.015737363210005177 0.01734098018769551
7 0.8902918186555497 0.49351407716371215 0.14337675872850436 0.1667987486965589
1 0.47757686294945284 0.5250469238790407 0.013027618551328817 0.0339937434827946
7 0.8919202709744659 0.37754953076120956 0.14257946847316316 0.06638164754953073
1 0.19261594580510683 0.5497288842544318 0.14400208441896822 0.1687382690302399
