0 0.5253517457008858 0.5472158498435871 0.015372589890568004 0.021021897810218945
0 0.4654247003647733 0.5663451511991658 0.023606044815007794 0.0367570385818561
7 0.5745205836373112 0.36025547445255474 0.05566961959353838 0.07102189781021899
0 0.5706644085461178 0.5347601668404588 0.00843668577384057 0.015318039624608907
0 0.5031005732152163 0.5415693430656935 0.014955706096925446 0.022450469238790377
0 0.19953882230328293 0.867997914494265 0.21940072954663886 0.2595203336809176
1 0.5636816050026054 0.5247653806047967 0.013345492443981187 0.025443169968717448
16 0.6753309015112038 0.5837539103232533 0.002970297029702994 0.026882168925964636
0 0.053457529963522675 0.9018717413972889 0.010541948931735282 0.012940563086548455
7 0.4796221990620115 0.36156412930135556 0.07136529442417928 0.0721376433785193
0 0.5253517457008858 0.5472158498435871 0.015372589890568004 0.021021897810218945
0 0.4654247003647733 0.5663451511991658 0.023606044815007794 0.0367570385818561
7 0.5745205836373112 0.36025547445255474 0.05566961959353838 0.07102189781021899
0 0.5706644085461178 0.5347601668404588 0.00843668577384057 0.015318039624608907
0 0.5031005732152163 0.5415693430656935 0.014955706096925446 0.022450469238790377
0 0.19953882230328293 0.867997914494265 0.21940072954663886 0.2595203336809176
1 0.5636816050026054 0.5247653806047967 0.013345492443981187 0.025443169968717448
16 0.6753309015112038 0.5837539103232533 0.002970297029702994 0.026882168925964636
0 0.053457529963522675 0.9018717413972889 0.010541948931735282 0.012940563086548455
7 0.4796221990620115 0.36156412930135556 0.07136529442417928 0.0721376433785193
