18 0.449009009009009 0.4855439330543933 0.00972972972972974 0.013179916317991655
6 0.5666036036036036 0.5580439330543933 0.01747747747747746 0.05039748953974902
20 0.3508558558558559 0.2930962343096235 0.03180180180180181 0.04058577405857742
18 0.44443243243243247 0.2909832635983263 0.0317117117117117 0.038912133891213375
18 0.5321261261261261 0.29232217573221764 0.031711711711711756 0.038912133891213375
18 0.636981981981982 0.49603556485355654 0.010000000000000021 0.0577615062761506
20 0.39310810810810815 0.4869037656903766 0.009819819819819851 0.012552301255230125
18 0.4220720720720721 0.48563807531380754 0.00990990990990991 0.013368200836820115
0 0.8451531531531532 0.8471966527196654 0.3096936936936937 0.3056066945606694
0 0.46817117117117124 0.6191004184100418 0.023243243243243304 0.044937238493723886
0 0.645463963963964 0.7718933054393307 0.13089189189189185 0.172531380753138
1 0.38403603603603603 0.5782845188284518 0.01009009009009008 0.029707112970711273
1 0.42346396396396396 0.5818200836820084 0.04008108108108109 0.15514644351464435
0 0.47829279279279274 0.8704393305439331 0.17732432432432435 0.2591213389121339
0 0.4742117117117117 0.6198744769874477 0.028693693693693664 0.05753138075313807
1 0.39566666666666667 0.580836820083682 0.013297297297297289 0.03916317991631805
0 0.9881531531531531 0.6903765690376569 0.023693693693693653 0.10497907949790784
0 0.4901171171171171 0.6361506276150628 0.03592792792792792 0.06393305439330545
0 0.3625855855855856 0.5869665271966527 0.010486486486486526 0.01882845188284519
0 0.4825225225225224 0.6315899581589958 0.02981981981981984 0.05000000000000007
1 0.4660630630630631 0.5963807531380753 0.032000000000000035 0.07682008368200842
18 0.449009009009009 0.4855439330543933 0.00972972972972974 0.013179916317991655
6 0.5666036036036036 0.5580439330543933 0.01747747747747746 0.05039748953974902
20 0.3508558558558559 0.2930962343096235 0.03180180180180181 0.04058577405857742
18 0.44443243243243247 0.2909832635983263 0.0317117117117117 0.038912133891213375
18 0.5321261261261261 0.29232217573221764 0.031711711711711756 0.038912133891213375
18 0.636981981981982 0.49603556485355654 0.010000000000000021 0.0577615062761506
20 0.39310810810810815 0.4869037656903766 0.009819819819819851 0.012552301255230125
18 0.4220720720720721 0.48563807531380754 0.00990990990990991 0.013368200836820115
0 0.8451531531531532 0.8471966527196654 0.3096936936936937 0.3056066945606694
0 0.46817117117117124 0.6191004184100418 0.023243243243243304 0.044937238493723886
0 0.645463963963964 0.7718933054393307 0.13089189189189185 0.172531380753138
1 0.38403603603603603 0.5782845188284518 0.01009009009009008 0.029707112970711273
1 0.42346396396396396 0.5818200836820084 0.04008108108108109 0.15514644351464435
0 0.47829279279279274 0.8704393305439331 0.17732432432432435 0.2591213389121339
0 0.4742117117117117 0.6198744769874477 0.028693693693693664 0.05753138075313807
1 0.39566666666666667 0.580836820083682 0.013297297297297289 0.03916317991631805
0 0.9881531531531531 0.6903765690376569 0.023693693693693653 0.10497907949790784
0 0.4901171171171171 0.6361506276150628 0.03592792792792792 0.06393305439330545
0 0.3625855855855856 0.5869665271966527 0.010486486486486526 0.01882845188284519
0 0.4825225225225224 0.6315899581589958 0.02981981981981984 0.05000000000000007
1 0.4660630630630631 0.5963807531380753 0.032000000000000035 0.07682008368200842
