1 0.9824205315268368 0.42581856100104276 0.03515893694632623 0.11330552659019814
1 0.9486268890046899 0.421970802919708 0.10274622199062015 0.11021897810218977
16 0.5461907243355913 0.4646871741397289 0.002699322563835364 0.027309697601668403
0 0.21784002084418966 0.43493222106360796 0.014929650859822842 0.020417101147028136
1 0.767324127149557 0.4176173096976017 0.1598697238144868 0.0762773722627737
0 0.4943981240229286 0.78 0.28005211047420536 0.3944734098018769
1 0.18884054194893174 0.4224713242961418 0.01410630536737884 0.027320125130344097
0 0.24301198540906724 0.459859228362878 0.0315059927045336 0.04234619395203338
1 0.9824205315268368 0.42581856100104276 0.03515893694632623 0.11330552659019814
1 0.9486268890046899 0.421970802919708 0.10274622199062015 0.11021897810218977
16 0.5461907243355913 0.4646871741397289 0.002699322563835364 0.027309697601668403
0 0.21784002084418966 0.43493222106360796 0.014929650859822842 0.020417101147028136
1 0.767324127149557 0.4176173096976017 0.1598697238144868 0.0762773722627737
0 0.4943981240229286 0.78 0.28005211047420536 0.3944734098018769
1 0.18884054194893174 0.4224713242961418 0.01410630536737884 0.027320125130344097
0 0.24301198540906724 0.459859228362878 0.0315059927045336 0.04234619395203338
