1 0.3139269406392694 0.5001405152224825 0.13024353120243531 0.0904918032786885
3 0.117941400304414 0.5219086651053865 0.037252663622526626 0.10564402810304446
0 0.143455098934551 0.5464168618266979 0.020091324200913224 0.043185011709601866
0 0.39568493150684936 0.7845784543325527 0.11989345509893456 0.22348946135831382
1 0.6223401826484019 0.5147892271662763 0.15279299847792996 0.12920374707259957
1 0.8527701674277016 0.5150702576112413 0.2907762557077625 0.20733021077283373
1 0.3139269406392694 0.5001405152224825 0.13024353120243531 0.0904918032786885
3 0.117941400304414 0.5219086651053865 0.037252663622526626 0.10564402810304446
0 0.143455098934551 0.5464168618266979 0.020091324200913224 0.043185011709601866
0 0.39568493150684936 0.7845784543325527 0.11989345509893456 0.22348946135831382
1 0.6223401826484019 0.5147892271662763 0.15279299847792996 0.12920374707259957
1 0.8527701674277016 0.5150702576112413 0.2907762557077625 0.20733021077283373
