1 0.47325951016154244 0.5556830031282586 0.025310057321521653 0.04465067778936385
16 0.4826967170401251 0.6146193952033367 0.0026420010422095104 0.029489051094890483
0 0.3248566961959354 0.6057507820646506 0.027618551328817093 0.0362565172054223
1 0.5754663887441376 0.5482533889468196 0.01907243355914534 0.029061522419186716
7 0.958676393955185 0.48354535974973933 0.08264721208962997 0.16748696558915532
1 0.47325951016154244 0.5556830031282586 0.025310057321521653 0.04465067778936385
16 0.4826967170401251 0.6146193952033367 0.0026420010422095104 0.029489051094890483
0 0.3248566961959354 0.6057507820646506 0.027618551328817093 0.0362565172054223
1 0.5754663887441376 0.5482533889468196 0.01907243355914534 0.029061522419186716
7 0.958676393955185 0.48354535974973933 0.08264721208962997 0.16748696558915532
