17 0.6736339421613394 0.6037119437939109 0.03452815829528159 0.0935128805620609
17 0.6378196347031964 0.6414402810304449 0.03452815829528159 0.0935128805620609
17 0.5881278538812785 0.6751990632318501 0.034535768645357685 0.09348946135831372
17 0.5034322678843227 0.7338056206088994 0.034535768645357685 0.0935128805620609
6 0.8429756468797566 0.5467798594847775 0.030060882800608826 0.08035128805620609
17 0.7129984779299848 0.5818735362997658 0.034535768645357685 0.09348946135831386
17 0.6361872146118722 0.6382084309133489 0.013165905631659109 0.04676814988290404
6 0.8427397260273973 0.5492037470725996 0.02334855403348559 0.060843091334894586
17 0.5877130898021309 0.6735948477751756 0.016506849315068534 0.059367681498829095
17 0.5041780821917808 0.7368032786885246 0.020867579908675854 0.0828337236533958
17 0.6687595129375952 0.6132552693208432 0.010730593607305867 0.03625292740046843
