17 0.24167808219178083 0.6604683840749415 0.013219178082191784 0.0561124121779859
17 0.18280441400304415 0.8949648711943793 0.034467275494672774 0.13981264637002339
1 0.2298325722983257 0.5182552693208431 0.021917808219178048 0.08868852459016388
17 0.2601255707762557 0.5908899297423887 0.005776255707762581 0.02487119437939111
17 0.2506659056316591 0.6263700234192038 0.009855403348554068 0.041405152224824375
1 0.2009056316590563 0.5177400468384075 0.025646879756468788 0.08901639344262299
17 0.22469558599695585 0.7268501170960188 0.019558599695586033 0.07838407494145205
17 0.25631659056316586 0.6037470725995316 0.006818873668188721 0.032927400468384015
17 0.24167808219178083 0.6604683840749415 0.013219178082191784 0.0561124121779859
17 0.18280441400304415 0.8949648711943793 0.034467275494672774 0.13981264637002339
1 0.2298325722983257 0.5182552693208431 0.021917808219178048 0.08868852459016388
17 0.2601255707762557 0.5908899297423887 0.005776255707762581 0.02487119437939111
17 0.2506659056316591 0.6263700234192038 0.009855403348554068 0.041405152224824375
1 0.2009056316590563 0.5177400468384075 0.025646879756468788 0.08901639344262299
17 0.22469558599695585 0.7268501170960188 0.019558599695586033 0.07838407494145205
17 0.25631659056316586 0.6037470725995316 0.006818873668188721 0.032927400468384015
