1 0.18025820170109355 0.6073824451410658 0.051038882138517615 0.14156739811912225
0 0.86455042527339 0.36119122257053293 0.009173754556500551 0.01379310344827588
7 0.1100516403402187 0.5160188087774296 0.026069258809234507 0.045078369905956185
7 0.07546172539489672 0.5143495297805643 0.03479951397326853 0.04637931034482755
1 0.8904586877278251 0.3548746081504702 0.02854799513973269 0.09338557993730405
1 0.18025820170109355 0.6073824451410658 0.051038882138517615 0.14156739811912225
0 0.86455042527339 0.36119122257053293 0.009173754556500551 0.01379310344827588
7 0.1100516403402187 0.5160188087774296 0.026069258809234507 0.045078369905956185
7 0.07546172539489672 0.5143495297805643 0.03479951397326853 0.04637931034482755
1 0.8904586877278251 0.3548746081504702 0.02854799513973269 0.09338557993730405
