1 0.4660500260552371 0.5785714285714286 0.03621677957269411 0.07872784150156413
1 0.11300156331422616 0.5910948905109489 0.22600312662845232 0.16794577685088635
16 0.5870479416362689 0.6053284671532847 0.002454403335070368 0.02250260688216885
1 0.5120896300156331 0.5806047966631908 0.03241271495570606 0.09489051094890505
0 0.013996873371547681 0.9833993743482794 0.027993746743095363 0.03320125130344112
16 0.7780276185513287 0.7225443169968718 0.006789994788952565 0.07920750782064642
0 0.00672225117248567 0.4381647549530761 0.01344450234497134 0.03441084462982273
0 0.40539343408025014 0.6587069864442128 0.06268890046899431 0.08070907194994784
1 0.4660500260552371 0.5785714285714286 0.03621677957269411 0.07872784150156413
1 0.11300156331422616 0.5910948905109489 0.22600312662845232 0.16794577685088635
16 0.5870479416362689 0.6053284671532847 0.002454403335070368 0.02250260688216885
1 0.5120896300156331 0.5806047966631908 0.03241271495570606 0.09489051094890505
0 0.013996873371547681 0.9833993743482794 0.027993746743095363 0.03320125130344112
16 0.7780276185513287 0.7225443169968718 0.006789994788952565 0.07920750782064642
0 0.00672225117248567 0.4381647549530761 0.01344450234497134 0.03441084462982273
0 0.40539343408025014 0.6587069864442128 0.06268890046899431 0.08070907194994784
