1 0.14641219385096402 0.5728675703858186 0.22908285565398645 0.19691345151199163
0 0.459676915059927 0.5609697601668405 0.009848879624804633 0.01574556830031285
1 0.47857998957790515 0.5553701772679875 0.017670661803022392 0.0533889468196038
7 0.45958051068264716 0.46399895724713247 0.03637832204273062 0.03711157455683001
0 0.37903595622720165 0.6451147028154327 0.060583637311099524 0.09204379562043793
7 0.5074908806670141 0.46399895724713247 0.028478374153204842 0.03711157455683001
0 0.4468759770713914 0.5720750782064651 0.016513809275664378 0.02754953076120967
1 0.14641219385096402 0.5728675703858186 0.22908285565398645 0.19691345151199163
0 0.459676915059927 0.5609697601668405 0.009848879624804633 0.01574556830031285
1 0.47857998957790515 0.5553701772679875 0.017670661803022392 0.0533889468196038
7 0.45958051068264716 0.46399895724713247 0.03637832204273062 0.03711157455683001
0 0.37903595622720165 0.6451147028154327 0.060583637311099524 0.09204379562043793
7 0.5074908806670141 0.46399895724713247 0.028478374153204842 0.03711157455683001
0 0.4468759770713914 0.5720750782064651 0.016513809275664378 0.02754953076120967
