0 0.961009009009009 0.7572071129707113 0.07798198198198193 0.14253138075313806
0 0.7505765765765766 0.7400000000000001 0.09745945945945951 0.16648535564853553
0 0.20526126126126124 0.7227824267782427 0.10754954954954953 0.15949790794979082
0 0.5221801801801802 0.7493096234309623 0.07300900900900897 0.13041841004184096
0 0.3104684684684685 0.7411506276150627 0.09082882882882883 0.1283682008368201
0 0.961009009009009 0.7572071129707113 0.07798198198198193 0.14253138075313806
0 0.7505765765765766 0.7400000000000001 0.09745945945945951 0.16648535564853553
0 0.20526126126126124 0.7227824267782427 0.10754954954954953 0.15949790794979082
0 0.5221801801801802 0.7493096234309623 0.07300900900900897 0.13041841004184096
0 0.3104684684684685 0.7411506276150627 0.09082882882882883 0.1283682008368201
