0 0.29691069258809233 0.6346708463949843 0.011160388821385179 0.022194357366771198
1 0.264003645200486 0.6252272727272727 0.032114216281895515 0.11948275862068969
0 0.1975273390036452 0.670744514106583 0.03360874848116646 0.05829153605015674
0 0.862080801944107 0.3598040752351097 0.007345078979343814 0.015125391849529789
0 0.28523086269744835 0.6373667711598746 0.012575941676792216 0.02570532915360498
1 0.24050425273390036 0.6132758620689654 0.03381530984204129 0.08065830721003131
0 0.3065370595382746 0.8603448275862069 0.1468286755771567 0.27554858934169274
0 0.29691069258809233 0.6346708463949843 0.011160388821385179 0.022194357366771198
1 0.264003645200486 0.6252272727272727 0.032114216281895515 0.11948275862068969
0 0.1975273390036452 0.670744514106583 0.03360874848116646 0.05829153605015674
0 0.862080801944107 0.3598040752351097 0.007345078979343814 0.015125391849529789
0 0.28523086269744835 0.6373667711598746 0.012575941676792216 0.02570532915360498
1 0.24050425273390036 0.6132758620689654 0.03381530984204129 0.08065830721003131
0 0.3065370595382746 0.8603448275862069 0.1468286755771567 0.27554858934169274
