0 0.29989368165249086 0.8624921630094043 0.11755164034021871 0.26677115987460814
0 0.22901275820170108 0.6819043887147336 0.028341433778857825 0.045626959247648924
0 0.33431652490887004 0.66282131661442 0.013311057108140928 0.022727272727272728
7 0.2982381530984204 0.5039655172413793 0.12660996354799517 0.07605015673981197
1 0.28535236938031594 0.6513793103448275 0.03772782503037669 0.11300940438871476
0 0.3221688942891859 0.6663479623824451 0.015249088699878507 0.02476489028213159
0 0.29989368165249086 0.8624921630094043 0.11755164034021871 0.26677115987460814
0 0.22901275820170108 0.6819043887147336 0.028341433778857825 0.045626959247648924
0 0.33431652490887004 0.66282131661442 0.013311057108140928 0.022727272727272728
7 0.2982381530984204 0.5039655172413793 0.12660996354799517 0.07605015673981197
1 0.28535236938031594 0.6513793103448275 0.03772782503037669 0.11300940438871476
0 0.3221688942891859 0.6663479623824451 0.015249088699878507 0.02476489028213159
