1 0.3137899543378996 0.4210304449648712 0.01506849315068494 0.05733021077283377
1 0.32438356164383564 0.42903981264637 0.017990867579908667 0.060421545667447264
2 0.3178576864535768 0.5193559718969555 0.03769406392694066 0.13285714285714284
7 0.5043911719939117 0.44927400468384077 0.10863013698630138 0.1313348946135831
3 0.13653348554033484 0.4532786885245902 0.09232115677321157 0.08266978922716624
0 0.1534094368340944 0.760128805620609 0.11123287671232879 0.25515222482435596
1 0.3137899543378996 0.4210304449648712 0.01506849315068494 0.05733021077283377
1 0.32438356164383564 0.42903981264637 0.017990867579908667 0.060421545667447264
2 0.3178576864535768 0.5193559718969555 0.03769406392694066 0.13285714285714284
7 0.5043911719939117 0.44927400468384077 0.10863013698630138 0.1313348946135831
3 0.13653348554033484 0.4532786885245902 0.09232115677321157 0.08266978922716624
0 0.1534094368340944 0.760128805620609 0.11123287671232879 0.25515222482435596
