5 0.4837758201701094 0.5804937304075235 0.00656743620899153 0.017946708463949825
1 0.25056500607533416 0.6143573667711599 0.04060753341433781 0.14021943573667708
1 0.4056591737545565 0.6055721003134796 0.07182867557715676 0.13854231974921627
0 0.2742800729040097 0.7926097178683386 0.07662818955042527 0.15857366771159867
0 0.15826245443499393 0.7097648902821317 0.05431348724179828 0.09379310344827582
1 0.07792831105710815 0.6237382445141065 0.027302551640340227 0.10970219435736679
1 0.194365127582017 0.6117633228840126 0.028280680437424065 0.09813479623824453
5 0.4837758201701094 0.5804937304075235 0.00656743620899153 0.017946708463949825
1 0.25056500607533416 0.6143573667711599 0.04060753341433781 0.14021943573667708
1 0.4056591737545565 0.6055721003134796 0.07182867557715676 0.13854231974921627
0 0.2742800729040097 0.7926097178683386 0.07662818955042527 0.15857366771159867
0 0.15826245443499393 0.7097648902821317 0.05431348724179828 0.09379310344827582
1 0.07792831105710815 0.6237382445141065 0.027302551640340227 0.10970219435736679
1 0.194365127582017 0.6117633228840126 0.028280680437424065 0.09813479623824453
