16 0.08050608828006088 0.6383606557377048 0.007633181126331812 0.08894613583138171
16 0.34418569254185694 0.6322950819672132 0.004657534246575346 0.08140515222482433
16 0.36899923896499237 0.6509484777517566 0.005487062404870652 0.09229508196721317
16 0.06945966514459664 0.7424121779859485 0.011719939117199395 0.14098360655737702
16 0.9392427701674276 0.8870257611241218 0.02431506849315072 0.22594847775175647
16 0.16631278538812785 0.594672131147541 0.003751902587519031 0.04784543325526927
7 0.40552511415525117 0.5032552693208431 0.033455098934551016 0.04370023419203746
9 0.3557876712328767 0.5027985948477751 0.017207001522070026 0.05117096018735361
2 0.29778919330289194 0.560128805620609 0.03500000000000001 0.09177985948477745
16 0.7236187214611872 0.7930913348946135 0.013401826484018275 0.19091334894613593
16 0.08213850837138509 0.9060304449648712 0.016362252663622526 0.1879391100702576
16 0.12684931506849315 0.6115105386416863 0.003272450532724514 0.05707259953161593
16 0.0976826484018265 0.8724824355971897 0.013630136986301368 0.23330210772833726
16 0.469855403348554 0.687271662763466 0.00613394216133938 0.1244262295081967
16 0.08050608828006088 0.6383606557377048 0.007633181126331812 0.08894613583138171
16 0.34418569254185694 0.6322950819672132 0.004657534246575346 0.08140515222482433
16 0.36899923896499237 0.6509484777517566 0.005487062404870652 0.09229508196721317
16 0.06945966514459664 0.7424121779859485 0.011719939117199395 0.14098360655737702
16 0.9392427701674276 0.8870257611241218 0.02431506849315072 0.22594847775175647
16 0.16631278538812785 0.594672131147541 0.003751902587519031 0.04784543325526927
7 0.40552511415525117 0.5032552693208431 0.033455098934551016 0.04370023419203746
9 0.3557876712328767 0.5027985948477751 0.017207001522070026 0.05117096018735361
2 0.29778919330289194 0.560128805620609 0.03500000000000001 0.09177985948477745
16 0.7236187214611872 0.7930913348946135 0.013401826484018275 0.19091334894613593
16 0.08213850837138509 0.9060304449648712 0.016362252663622526 0.1879391100702576
16 0.12684931506849315 0.6115105386416863 0.003272450532724514 0.05707259953161593
16 0.0976826484018265 0.8724824355971897 0.013630136986301368 0.23330210772833726
16 0.469855403348554 0.687271662763466 0.00613394216133938 0.1244262295081967
