21 0.022235539343408026 0.4533055265901981 0.020562793121417403 0.028738269030239835
7 0.49206618030224075 0.27328988529718456 0.09560708702449194 0.10687174139728882
0 0.42138092756644085 0.46905630865484876 0.008202188639916628 0.012877997914494288
1 0.4694450234497134 0.45930135557872787 0.020672225117248606 0.05251303441084459
1 0.12230588848358519 0.8718143899895724 0.0064773319437206765 0.016913451511991567
21 0.43859822824387706 0.5109593326381647 0.01149557060969258 0.009781021897810214
1 0.05771495570609692 0.3876694473409802 0.015284002084418968 0.03141814389989572
1 0.4416023970818134 0.4595985401459854 0.01932777488275145 0.05869655891553698
21 0.10399426784783741 0.9018665276329509 0.010250130276185522 0.012533889468196018
0 0.4252944241792601 0.4626068821689259 0.005523710265763431 0.00957247132429615
0 0.38821782178217823 0.49469760166840454 0.02537780093798856 0.03342022940563088
1 0.0029546638874413758 0.4119082377476538 0.0059093277748827515 0.024233576642335775
0 0.49180562793121424 0.4976955161626694 0.022329338196977605 0.03645464025026067
7 0.3936868160500261 0.27237747653806044 0.09560708702449194 0.10688216892596451
