0 0.9414594594594594 0.6571548117154812 0.116900900900901 0.07958158995815892
0 0.33277927927927925 0.6515585774058578 0.11191891891891893 0.10880753138075312
0 0.7125675675675676 0.6840899581589959 0.08639639639639637 0.10504184100418418
0 0.5438738738738739 0.67326359832636 0.09081081081081087 0.1013389121338912
0 0.210990990990991 0.6511924686192468 0.09801801801801803 0.07627615062761502
0 0.9414594594594594 0.6571548117154812 0.116900900900901 0.07958158995815892
0 0.33277927927927925 0.6515585774058578 0.11191891891891893 0.10880753138075312
0 0.7125675675675676 0.6840899581589959 0.08639639639639637 0.10504184100418418
0 0.5438738738738739 0.67326359832636 0.09081081081081087 0.1013389121338912
0 0.210990990990991 0.6511924686192468 0.09801801801801803 0.07627615062761502
