11 0.2829131227217497 0.6415987460815048 0.006956257594167672 0.024169278996865228
0 0.3922569866342649 0.6767554858934169 0.03942284325637909 0.05789968652037617
0 0.6314125151883354 0.7362852664576802 0.13073511543134875 0.10611285266457687
7 0.18256986634264885 0.6254702194357366 0.01713244228432563 0.015987460815047004
5 0.563906439854192 0.33655956112852664 0.04594167679222357 0.10619122257053291
8 0.2826032806804374 0.6162617554858933 0.006846901579586901 0.023432601880877726
18 0.5636026731470232 0.5081974921630095 0.029781287970838455 0.15949843260188087
11 0.2829131227217497 0.6415987460815048 0.006956257594167672 0.024169278996865228
0 0.3922569866342649 0.6767554858934169 0.03942284325637909 0.05789968652037617
0 0.6314125151883354 0.7362852664576802 0.13073511543134875 0.10611285266457687
7 0.18256986634264885 0.6254702194357366 0.01713244228432563 0.015987460815047004
5 0.563906439854192 0.33655956112852664 0.04594167679222357 0.10619122257053291
8 0.2826032806804374 0.6162617554858933 0.006846901579586901 0.023432601880877726
18 0.5636026731470232 0.5081974921630095 0.029781287970838455 0.15949843260188087
