21 0.775734757686295 0.9515432742440041 0.022235539343408064 0.013701772679874855
1 0.0764147993746743 0.7808654848800834 0.12721208963001562 0.1279457768508864
0 0.44145127670661805 0.7569447340980189 0.0190255341323606 0.02175182481751826
21 0.8447498697238145 0.9502971845672576 0.021162063574778598 0.011835245046923903
0 0.8734288692027098 0.7898905109489051 0.07221469515372599 0.04774765380604793
0 0.2892417926003127 0.758133472367049 0.02120375195414275 0.02175182481751826
0 0.26865815528921316 0.7579249217935349 0.023079729025534144 0.02175182481751826
0 0.5042287649817614 0.7558550573514077 0.016242834809796807 0.022596454640250337
0 0.4823163105784263 0.756548488008342 0.01692027097446582 0.02175182481751826
21 0.6714721208963 0.9532586027111574 0.022871287128712923 0.014004171011470229
21 0.7064147993746743 0.9527945776850887 0.02149035956227202 0.0130761209593326
5 0.9581292339760292 0.7516684045881127 0.05153725898905673 0.08602711157455684
7 0.9814669098488796 0.7372575599582899 0.037066180302240806 0.04185610010427527
21 0.7412688900468993 0.9521689259645464 0.02273579989577899 0.012450469238790464
8 0.51156852527358 0.933941605839416 0.053673788431474724 0.10396246089676751
21 0.8102136529442417 0.9511783107403545 0.02136529442417926 0.013806047966631917
8 0.9576341844710786 0.8481751824817518 0.05169359041167277 0.09676746611053176
21 0.775734757686295 0.9515432742440041 0.022235539343408064 0.013701772679874855
1 0.0764147993746743 0.7808654848800834 0.12721208963001562 0.1279457768508864
0 0.44145127670661805 0.7569447340980189 0.0190255341323606 0.02175182481751826
21 0.8447498697238145 0.9502971845672576 0.021162063574778598 0.011835245046923903
0 0.8734288692027098 0.7898905109489051 0.07221469515372599 0.04774765380604793
0 0.2892417926003127 0.758133472367049 0.02120375195414275 0.02175182481751826
0 0.26865815528921316 0.7579249217935349 0.023079729025534144 0.02175182481751826
0 0.5042287649817614 0.7558550573514077 0.016242834809796807 0.022596454640250337
0 0.4823163105784263 0.756548488008342 0.01692027097446582 0.02175182481751826
21 0.6714721208963 0.9532586027111574 0.022871287128712923 0.014004171011470229
21 0.7064147993746743 0.9527945776850887 0.02149035956227202 0.0130761209593326
5 0.9581292339760292 0.7516684045881127 0.05153725898905673 0.08602711157455684
7 0.9814669098488796 0.7372575599582899 0.037066180302240806 0.04185610010427527
21 0.7412688900468993 0.9521689259645464 0.02273579989577899 0.012450469238790464
8 0.51156852527358 0.933941605839416 0.053673788431474724 0.10396246089676751
21 0.8102136529442417 0.9511783107403545 0.02136529442417926 0.013806047966631917
8 0.9576341844710786 0.8481751824817518 0.05169359041167277 0.09676746611053176
