13 0.6694632621156853 0.4250573514077164 0.07708181344450238 0.15480709071949952
7 0.6692443981240229 0.640458811261731 0.02926524231370498 0.04704900938477581
0 0.6690125065138093 0.7718091762252346 0.029218342886920236 0.04518248175182486
0 0.1344450234497134 0.758310740354536 0.027232933819697755 0.03019812304483841
13 0.5808754559666494 0.4215224191866528 0.0783533090151121 0.15735140771637118
0 0.6648462741010944 0.7392075078206466 0.012975508077123431 0.01814389989572469
13 0.6694632621156853 0.4250573514077164 0.07708181344450238 0.15480709071949952
7 0.6692443981240229 0.640458811261731 0.02926524231370498 0.04704900938477581
0 0.6690125065138093 0.7718091762252346 0.029218342886920236 0.04518248175182486
0 0.1344450234497134 0.758310740354536 0.027232933819697755 0.03019812304483841
13 0.5808754559666494 0.4215224191866528 0.0783533090151121 0.15735140771637118
0 0.6648462741010944 0.7392075078206466 0.012975508077123431 0.01814389989572469
