1 0.7742079207920791 0.7504692387904067 0.04324648254299115 0.08988529718456718
8 0.46308233454924436 0.7802189781021898 0.03072954663887443 0.06008342022940564
8 0.7399609171443461 0.7386444212721585 0.006581552892131257 0.012012513034410826
8 0.7156331422615947 0.7411991657977058 0.007920792079207945 0.015036496350364921
8 0.68607868681605 0.7435974973931179 0.009291297550807674 0.01774765380604795
1 0.17120896300156332 0.7360114702815433 0.2863053673788431 0.24188738269030244
8 0.6462480458572174 0.7489989572471324 0.011516414799374746 0.02458811261730974
1 0.12087806149035955 0.7406412930135557 0.04936425221469515 0.05271115745568296
8 0.5856539864512766 0.7579144942648591 0.016498176133402858 0.034077163712200154
0 0.6563183949973944 0.7485818561001043 0.02515372589890567 0.02558915537017723
1 0.7742079207920791 0.7504692387904067 0.04324648254299115 0.08988529718456718
8 0.46308233454924436 0.7802189781021898 0.03072954663887443 0.06008342022940564
8 0.7399609171443461 0.7386444212721585 0.006581552892131257 0.012012513034410826
8 0.7156331422615947 0.7411991657977058 0.007920792079207945 0.015036496350364921
8 0.68607868681605 0.7435974973931179 0.009291297550807674 0.01774765380604795
1 0.17120896300156332 0.7360114702815433 0.2863053673788431 0.24188738269030244
8 0.6462480458572174 0.7489989572471324 0.011516414799374746 0.02458811261730974
1 0.12087806149035955 0.7406412930135557 0.04936425221469515 0.05271115745568296
8 0.5856539864512766 0.7579144942648591 0.016498176133402858 0.034077163712200154
0 0.6563183949973944 0.7485818561001043 0.02515372589890567 0.02558915537017723
