8 0.5719072433559146 0.7646246089676746 0.005013027618551272 0.012565172054223101
0 0.5533220427305888 0.872075078206465 0.05979676915059927 0.09860271115745574
0 0.451440854611777 0.7886339937434828 0.0171808233454924 0.027111574556830033
8 0.9087415320479416 0.8213972888425444 0.02868681605002615 0.05689259645464019
8 0.7746717040125064 0.7876120959332638 0.014085461177696703 0.030615224191866543
8 0.7109796769150599 0.7759697601668404 0.010140698280354252 0.021783107403545346
8 0.657480458572173 0.7689363920750781 0.007498697238144919 0.01645464025026066
0 0.10343147472642002 0.8298383733055267 0.06984366857738405 0.07942648592283624
8 0.6114903595622719 0.76633472367049 0.006409588327253754 0.014567257559958318
1 0.5498957790515894 0.78063086548488 0.03874934861907244 0.04885297184567248
1 0.52362688900469 0.7596506777893639 0.038936946326211586 0.045662148070907155
8 0.5719072433559146 0.7646246089676746 0.005013027618551272 0.012565172054223101
0 0.5533220427305888 0.872075078206465 0.05979676915059927 0.09860271115745574
0 0.451440854611777 0.7886339937434828 0.0171808233454924 0.027111574556830033
8 0.9087415320479416 0.8213972888425444 0.02868681605002615 0.05689259645464019
8 0.7746717040125064 0.7876120959332638 0.014085461177696703 0.030615224191866543
8 0.7109796769150599 0.7759697601668404 0.010140698280354252 0.021783107403545346
8 0.657480458572173 0.7689363920750781 0.007498697238144919 0.01645464025026066
0 0.10343147472642002 0.8298383733055267 0.06984366857738405 0.07942648592283624
8 0.6114903595622719 0.76633472367049 0.006409588327253754 0.014567257559958318
1 0.5498957790515894 0.78063086548488 0.03874934861907244 0.04885297184567248
1 0.52362688900469 0.7596506777893639 0.038936946326211586 0.045662148070907155
