1 0.05856164383561644 0.5812529274004684 0.11712328767123288 0.27074941451990636
1 0.8781088280060884 0.5281147540983606 0.24343226788432268 0.23936768149882906
2 0.16519406392694064 0.6346252927400469 0.16468036529680363 0.21974238875878216
1 0.7169977168949772 0.5411709601873537 0.43343226788432276 0.33152224824355975
2 0.46501522070015217 0.5523419203747072 0.07234398782343984 0.14074941451990625
1 0.05856164383561644 0.5812529274004684 0.11712328767123288 0.27074941451990636
1 0.8781088280060884 0.5281147540983606 0.24343226788432268 0.23936768149882906
2 0.16519406392694064 0.6346252927400469 0.16468036529680363 0.21974238875878216
1 0.7169977168949772 0.5411709601873537 0.43343226788432276 0.33152224824355975
2 0.46501522070015217 0.5523419203747072 0.07234398782343984 0.14074941451990625
