0 0.12681605002605525 0.9562460896767466 0.012589890568004167 0.015974973931178364
8 0.9156331422615945 0.6253858185610011 0.018238665971860343 0.03285714285714285
5 0.9162584679520583 0.5932116788321168 0.018968212610734805 0.03126173096976018
1 0.32203491401771756 0.5 0.6440698280354351 1.0
1 0.7976289734236582 0.5984984358706987 0.01641479937467431 0.030135557872784127
1 0.026177696717040125 0.26859228362877996 0.05235539343408025 0.09157455683003131
0 0.7803152683689423 0.6146141814389989 0.010656591974986996 0.017695516162669477
0 0.7920531526836895 0.6281543274244004 0.01849921834288692 0.032116788321167836
0 0.12681605002605525 0.9562460896767466 0.012589890568004167 0.015974973931178364
8 0.9156331422615945 0.6253858185610011 0.018238665971860343 0.03285714285714285
5 0.9162584679520583 0.5932116788321168 0.018968212610734805 0.03126173096976018
1 0.32203491401771756 0.5 0.6440698280354351 1.0
1 0.7976289734236582 0.5984984358706987 0.01641479937467431 0.030135557872784127
1 0.026177696717040125 0.26859228362877996 0.05235539343408025 0.09157455683003131
0 0.7803152683689423 0.6146141814389989 0.010656591974986996 0.017695516162669477
0 0.7920531526836895 0.6281543274244004 0.01849921834288692 0.032116788321167836
