17 0.5909848879624804 0.6532064650677789 0.0060448150078166426 0.03706986444212729
17 0.5592756644085461 0.7555057351407716 0.014914017717561174 0.10102189781021897
17 0.5672433559145388 0.6814807090719499 0.01017196456487753 0.05601668404588116
17 0.5639994788952579 0.7088842544316998 0.011448671182907778 0.0737851929092805
1 0.7831005732152162 0.6306100104275286 0.3056383533090151 0.33335766423357666
17 0.5815893694632622 0.6629457768508864 0.0077436164669097965 0.04366006256517206
17 0.5909848879624804 0.6532064650677789 0.0060448150078166426 0.03706986444212729
17 0.5592756644085461 0.7555057351407716 0.014914017717561174 0.10102189781021897
17 0.5672433559145388 0.6814807090719499 0.01017196456487753 0.05601668404588116
17 0.5639994788952579 0.7088842544316998 0.011448671182907778 0.0737851929092805
1 0.7831005732152162 0.6306100104275286 0.3056383533090151 0.33335766423357666
17 0.5815893694632622 0.6629457768508864 0.0077436164669097965 0.04366006256517206
