1 0.3053805175038052 0.5354098360655738 0.05033485540334855 0.16796252927400473
0 0.01204337899543379 0.5804566744730679 0.02408675799086758 0.052716627634660465
0 0.16251902587519026 0.5491803278688525 0.01605783866057838 0.03606557377049175
2 0.5603120243531202 0.7517564402810304 0.2165144596651446 0.3985948477751757
1 0.2520928462709285 0.5279742388758782 0.03567732115677321 0.14100702576112414
3 0.05331050228310502 0.5436768149882905 0.06415525114155252 0.13512880562060886
0 0.2116095890410959 0.5490983606557377 0.012092846270928452 0.03074941451990631
1 0.3053805175038052 0.5354098360655738 0.05033485540334855 0.16796252927400473
0 0.01204337899543379 0.5804566744730679 0.02408675799086758 0.052716627634660465
0 0.16251902587519026 0.5491803278688525 0.01605783866057838 0.03606557377049175
2 0.5603120243531202 0.7517564402810304 0.2165144596651446 0.3985948477751757
1 0.2520928462709285 0.5279742388758782 0.03567732115677321 0.14100702576112414
3 0.05331050228310502 0.5436768149882905 0.06415525114155252 0.13512880562060886
0 0.2116095890410959 0.5490983606557377 0.012092846270928452 0.03074941451990631
