6 0.5994684684684686 0.5382217573221757 0.031027027027026973 0.08368200836820078
20 0.37417567567567567 0.4783786610878661 0.009450450450450459 0.010481171548117136
1 0.16281531531531535 0.5755962343096234 0.32163063063063063 0.7619874476987448
1 0.4642567567567568 0.6593933054393305 0.11280180180180173 0.3216317991631799
1 0.3658738738738739 0.5923221757322176 0.05434234234234234 0.1656066945606694
18 0.4312207207207207 0.47642259414225946 0.009756756756756742 0.011715481171548105
18 0.40445945945945944 0.4765481171548117 0.00954954954954957 0.01100418410041839
6 0.5994684684684686 0.5382217573221757 0.031027027027026973 0.08368200836820078
20 0.37417567567567567 0.4783786610878661 0.009450450450450459 0.010481171548117136
1 0.16281531531531535 0.5755962343096234 0.32163063063063063 0.7619874476987448
1 0.4642567567567568 0.6593933054393305 0.11280180180180173 0.3216317991631799
1 0.3658738738738739 0.5923221757322176 0.05434234234234234 0.1656066945606694
18 0.4312207207207207 0.47642259414225946 0.009756756756756742 0.011715481171548105
18 0.40445945945945944 0.4765481171548117 0.00954954954954957 0.01100418410041839
