0 0.46571912454403336 0.780912408759124 0.03540906722251175 0.037549530761209586
1 0.7410734757686295 0.7209384775808133 0.2454194893173527 0.5581230448383733
4 0.5613835330901512 0.7767883211678833 0.037837415320479365 0.0760375391032325
0 0.16544554455445545 0.7819134515119917 0.02012506513809276 0.020948905109489085
0 0.5166492965085983 0.8646923879040668 0.08686816050026051 0.11086548488008335
0 0.03184992183428869 0.8774921793534933 0.06369984366857738 0.1362148070907195
0 0.46571912454403336 0.780912408759124 0.03540906722251175 0.037549530761209586
1 0.7410734757686295 0.7209384775808133 0.2454194893173527 0.5581230448383733
4 0.5613835330901512 0.7767883211678833 0.037837415320479365 0.0760375391032325
0 0.16544554455445545 0.7819134515119917 0.02012506513809276 0.020948905109489085
0 0.5166492965085983 0.8646923879040668 0.08686816050026051 0.11086548488008335
0 0.03184992183428869 0.8774921793534933 0.06369984366857738 0.1362148070907195
