1 0.8304718417047184 0.7043208430913349 0.020334855403348402 0.07046838407494152
1 0.819261796042618 0.6661007025761124 0.013485540334855252 0.05032786885245904
1 0.21168188736681887 0.5220140515222482 0.42336377473363773 0.9559718969555034
1 0.5477777777777778 0.6195550351288056 0.04721461187214609 0.04271662763466044
1 0.715730593607306 0.6652810304449649 0.07820395738203957 0.21604215456674472
0 0.7989117199391171 0.6802810304449649 0.009208523592085167 0.02107728337236534
1 0.8304718417047184 0.7043208430913349 0.020334855403348402 0.07046838407494152
1 0.819261796042618 0.6661007025761124 0.013485540334855252 0.05032786885245904
1 0.21168188736681887 0.5220140515222482 0.42336377473363773 0.9559718969555034
1 0.5477777777777778 0.6195550351288056 0.04721461187214609 0.04271662763466044
1 0.715730593607306 0.6652810304449649 0.07820395738203957 0.21604215456674472
0 0.7989117199391171 0.6802810304449649 0.009208523592085167 0.02107728337236534
