0 0.6500104220948411 0.7466475495307613 0.009067222511724786 0.013461939520333649
9 0.7568577384054195 0.7254014598540146 0.010661803022407523 0.01826903023983314
7 0.8696143824908806 0.7265693430656934 0.025023449713392383 0.0694890510948905
0 0.6083168316831684 0.7805213764337852 0.029223553934340882 0.04563086548488007
2 0.6361516414799375 0.7500417101147028 0.020557582073996897 0.04652763295099062
0 0.6500104220948411 0.7466475495307613 0.009067222511724786 0.013461939520333649
9 0.7568577384054195 0.7254014598540146 0.010661803022407523 0.01826903023983314
7 0.8696143824908806 0.7265693430656934 0.025023449713392383 0.0694890510948905
0 0.6083168316831684 0.7805213764337852 0.029223553934340882 0.04563086548488007
2 0.6361516414799375 0.7500417101147028 0.020557582073996897 0.04652763295099062
