0 0.5713705054715998 0.7604640250260689 0.03316310578426257 0.028790406673618367
8 0.47399426784783744 0.7527476538060479 0.016117769671703988 0.030417101147028232
7 0.47657634184471076 0.6856465067778937 0.061542470036477344 0.028018769551616272
7 0.47018759770713914 0.7133420229405631 0.057853048462741 0.02960375391032324
0 0.8372615945805106 0.7766006256517205 0.056492965085982325 0.05461939520333681
2 0.04065659197498697 0.7578571428571429 0.021427826993225638 0.02076120959332635
0 0.7006696195935384 0.7630344108446299 0.03342886920270979 0.03451511991657968
0 0.5713705054715998 0.7604640250260689 0.03316310578426257 0.028790406673618367
8 0.47399426784783744 0.7527476538060479 0.016117769671703988 0.030417101147028232
7 0.47657634184471076 0.6856465067778937 0.061542470036477344 0.028018769551616272
7 0.47018759770713914 0.7133420229405631 0.057853048462741 0.02960375391032324
0 0.8372615945805106 0.7766006256517205 0.056492965085982325 0.05461939520333681
2 0.04065659197498697 0.7578571428571429 0.021427826993225638 0.02076120959332635
0 0.7006696195935384 0.7630344108446299 0.03342886920270979 0.03451511991657968
