0 0.25601217656012176 0.42763466042154563 0.012328767123287662 0.021545667447306766
1 0.1919710806697108 0.4009367681498829 0.047869101978691 0.060421545667447264
1 0.30019025875190264 0.39625292740046836 0.041324200913242015 0.05948477751756442
6 0.2903348554033486 0.47271662763466044 0.00837138508371385 0.024121779859484806
6 0.22775114155251142 0.5112412177985949 0.015228310502283099 0.04730679156908669
6 0.5338508371385083 0.5100702576112413 0.016255707762557088 0.04824355971896954
9 0.4836377473363775 0.49962529274004686 0.02009132420091331 0.059765807962529234
9 0.42271689497716897 0.44297423887587817 0.008751902587519025 0.025995316159250572
1 0.0989041095890411 0.38243559718969555 0.049558599695586 0.05245901639344264
1 0.3700152207001522 0.5194379391100702 0.039878234398782325 0.1784543325526932
6 0.8137747336377473 0.526112412177986 0.0426179604261796 0.12482435597189698
6 0.43506849315068497 0.47305620608899296 0.00824961948249622 0.026721311475409827
12 0.3162366818873668 0.4402107728337237 0.008607305936073062 0.027119437939110033
0 0.25601217656012176 0.42763466042154563 0.012328767123287662 0.021545667447306766
1 0.1919710806697108 0.4009367681498829 0.047869101978691 0.060421545667447264
1 0.30019025875190264 0.39625292740046836 0.041324200913242015 0.05948477751756442
6 0.2903348554033486 0.47271662763466044 0.00837138508371385 0.024121779859484806
6 0.22775114155251142 0.5112412177985949 0.015228310502283099 0.04730679156908669
6 0.5338508371385083 0.5100702576112413 0.016255707762557088 0.04824355971896954
9 0.4836377473363775 0.49962529274004686 0.02009132420091331 0.059765807962529234
9 0.42271689497716897 0.44297423887587817 0.008751902587519025 0.025995316159250572
1 0.0989041095890411 0.38243559718969555 0.049558599695586 0.05245901639344264
1 0.3700152207001522 0.5194379391100702 0.039878234398782325 0.1784543325526932
6 0.8137747336377473 0.526112412177986 0.0426179604261796 0.12482435597189698
6 0.43506849315068497 0.47305620608899296 0.00824961948249622 0.026721311475409827
12 0.3162366818873668 0.4402107728337237 0.008607305936073062 0.027119437939110033
