0 0.5497498697238145 0.6791710114702816 0.06537780093798855 0.09260688216892603
0 0.5300677436164669 0.6088425443169969 0.02872329338196978 0.03484880083420237
0 0.4868447107868682 0.5875286757038582 0.01217821782178218 0.017017726798748748
1 0.3566336633663367 0.575422314911366 0.0427931214174049 0.08277372262773722
1 0.514755080771235 0.577497393117831 0.021005732152162615 0.029614181438998934
1 0.6939004689942678 0.6596976016684045 0.04346534653465339 0.06600625651720538
0 0.2985461177696717 0.6582794577685088 0.12711829077644607 0.07751824817518252
0 0.464744658676394 0.5994629822732013 0.02168316831683169 0.032544316996871776
0 0.5497498697238145 0.6791710114702816 0.06537780093798855 0.09260688216892603
0 0.5300677436164669 0.6088425443169969 0.02872329338196978 0.03484880083420237
0 0.4868447107868682 0.5875286757038582 0.01217821782178218 0.017017726798748748
1 0.3566336633663367 0.575422314911366 0.0427931214174049 0.08277372262773722
1 0.514755080771235 0.577497393117831 0.021005732152162615 0.029614181438998934
1 0.6939004689942678 0.6596976016684045 0.04346534653465339 0.06600625651720538
0 0.2985461177696717 0.6582794577685088 0.12711829077644607 0.07751824817518252
0 0.464744658676394 0.5994629822732013 0.02168316831683169 0.032544316996871776
