0 0.5776446065659198 0.568555787278415 0.005263157894736794 0.006183524504692455
0 0.5225794684731631 0.5724035453597497 0.008827514330380376 0.01383733055265912
7 0.5539890568004169 0.5143847758081335 0.01573215216258471 0.025954118873826888
7 0.5752188639916622 0.5151511991657977 0.01588848358520063 0.026882168925964577
0 0.5565502866076081 0.5708550573514077 0.005690463783220465 0.010302398331595406
1 0.4821000521104742 0.5601094890510949 0.01485148514851485 0.041699687174139737
1 0.5973084940072956 0.559932221063608 0.02665450755601869 0.055192909280500586
0 0.5037727983324648 0.5726433785192909 0.015789473684210503 0.021240875912408762
0 0.6277983324648254 0.5853962460896768 0.020797290255341366 0.030792492179353464
0 0.5776446065659198 0.568555787278415 0.005263157894736794 0.006183524504692455
0 0.5225794684731631 0.5724035453597497 0.008827514330380376 0.01383733055265912
7 0.5539890568004169 0.5143847758081335 0.01573215216258471 0.025954118873826888
7 0.5752188639916622 0.5151511991657977 0.01588848358520063 0.026882168925964577
0 0.5565502866076081 0.5708550573514077 0.005690463783220465 0.010302398331595406
1 0.4821000521104742 0.5601094890510949 0.01485148514851485 0.041699687174139737
1 0.5973084940072956 0.559932221063608 0.02665450755601869 0.055192909280500586
0 0.5037727983324648 0.5726433785192909 0.015789473684210503 0.021240875912408762
0 0.6277983324648254 0.5853962460896768 0.020797290255341366 0.030792492179353464
