0 0.5494346013548723 0.7120385818561001 0.07771235018238672 0.1160479666319082
1 0.6294971339239188 0.5973566214807091 0.09130276185513278 0.2109384775808133
1 0.680244919228765 0.578733055265902 0.03252735799895771 0.09135557872784146
0 0.7157087024491924 0.7081178310740355 0.07524231370505477 0.12036496350364959
0 0.11822042730588848 0.7147236704900939 0.012699322563835333 0.016788321167883237
1 0.2847655028660761 0.6830031282586028 0.5695310057321522 0.6302398331595412
0 0.5494346013548723 0.7120385818561001 0.07771235018238672 0.1160479666319082
1 0.6294971339239188 0.5973566214807091 0.09130276185513278 0.2109384775808133
1 0.680244919228765 0.578733055265902 0.03252735799895771 0.09135557872784146
0 0.7157087024491924 0.7081178310740355 0.07524231370505477 0.12036496350364959
0 0.11822042730588848 0.7147236704900939 0.012699322563835333 0.016788321167883237
1 0.2847655028660761 0.6830031282586028 0.5695310057321522 0.6302398331595412
