1 0.4131605002605524 0.7471011470281543 0.35596143824908816 0.5037956204379562
16 0.6702449192287651 0.5984254431699687 0.002355393434080241 0.018602711157455598
16 0.7295362167795727 0.6243065693430657 0.002355393434080241 0.03480709071949947
0 0.1362949452840021 0.6996871741397289 0.01766545075560188 0.022106360792492227
1 0.6360343929129756 0.5799947862356621 0.03090151120375193 0.06956204379562048
1 0.4131605002605524 0.7471011470281543 0.35596143824908816 0.5037956204379562
16 0.6702449192287651 0.5984254431699687 0.002355393434080241 0.018602711157455598
16 0.7295362167795727 0.6243065693430657 0.002355393434080241 0.03480709071949947
0 0.1362949452840021 0.6996871741397289 0.01766545075560188 0.022106360792492227
1 0.6360343929129756 0.5799947862356621 0.03090151120375193 0.06956204379562048
