7 0.3526788432267884 0.5912177985948478 0.014581430745814326 0.0536299765807962
7 0.080734398782344 0.5640983606557377 0.016308980213089797 0.05189695550351287
9 0.5209094368340944 0.4996838407494145 0.11662861491628615 0.14817330210772836
9 0.3334703196347032 0.5230796252927401 0.017990867579908667 0.05922716627634658
9 0.35122526636225265 0.522072599531616 0.018858447488584455 0.05524590163934427
9 0.31966133942161334 0.5316744730679156 0.014254185692541827 0.0471896955503513
9 0.2039117199391172 0.5388173302107728 0.012146118721461215 0.03515222482435602
9 0.19278538812785387 0.5392974238875878 0.011385083713850844 0.03428571428571425
9 0.14532343987823437 0.5233606557377048 0.014512937595129392 0.04241217798594851
9 0.08157914764079147 0.5339110070257611 0.01758751902587519 0.04786885245901639
9 0.10116438356164384 0.5369086651053864 0.020654490106544902 0.060140515222482455
9 0.15978310502283105 0.5227166276346604 0.014680365296803647 0.04496487119437943
