1 0.5525273579989579 0.5675182481751825 0.013444502344971316 0.02992700729927012
0 0.6007034914017717 0.6415537017726799 0.04017717561229803 0.060792492179353445
7 0.7359562272016676 0.3710636079249218 0.0686816050026055 0.12002085505735137
1 0.16724856696195936 0.695318039624609 0.3344971339239187 0.3970594369134515
7 0.6448931735278792 0.3721584984358707 0.06894215737363207 0.11657977059436915
6 0.9000416883793642 0.5711939520333681 0.015716519020323127 0.02972888425443169
15 0.8991010943199583 0.5940563086548488 0.014481500781657095 0.013826903023983306
1 0.5525273579989579 0.5675182481751825 0.013444502344971316 0.02992700729927012
0 0.6007034914017717 0.6415537017726799 0.04017717561229803 0.060792492179353445
7 0.7359562272016676 0.3710636079249218 0.0686816050026055 0.12002085505735137
1 0.16724856696195936 0.695318039624609 0.3344971339239187 0.3970594369134515
7 0.6448931735278792 0.3721584984358707 0.06894215737363207 0.11657977059436915
6 0.9000416883793642 0.5711939520333681 0.015716519020323127 0.02972888425443169
15 0.8991010943199583 0.5940563086548488 0.014481500781657095 0.013826903023983306
