17 0.6875247524752476 0.776517205422315 0.006899426784783746 0.04807090719499481
8 0.7067222511724855 0.670422314911366 0.015195414278269976 0.028477580813347298
12 0.898754559666493 0.6337695516162669 0.010974465867639368 0.021949947862356572
8 0.08902292860865034 0.45783628779979146 0.012574257425742572 0.016590198123044804
17 0.6968759770713913 0.7530813347236704 0.006206357477853091 0.04026068821689261
17 0.6936399166232412 0.7598227320125132 0.0062584679520583586 0.042606882168925976
1 0.5596638874413756 0.7065276329509905 0.1722720166753517 0.35245046923879036
17 0.6904846274101094 0.7672679874869656 0.006795205836373092 0.04615224191866538
17 0.699794163626889 0.7469812304483837 0.006050026055237169 0.038759124087591315
1 0.03339239187076602 0.5124869655891554 0.06678478374153204 0.18797705943691348
17 0.6304898384575299 0.9437591240875913 0.01677957269411154 0.10837330552659015
17 0.7088900468994268 0.7323618352450469 0.005085982282438765 0.03308654848800836
17 0.7117535174570089 0.7284045881126173 0.004924439812402198 0.03136600625651725
17 0.7059744658676393 0.7372888425443169 0.005455966649296522 0.03436913451511984
17 0.08754299114121938 0.5128102189781022 0.008989056800416884 0.02664233576642337
17 0.6752449192287651 0.812221063607925 0.008561750911933333 0.0616684045881126
17 0.654293903074518 0.8734254431699687 0.011985409067222511 0.08280500521376442
17 0.679911412193851 0.7983420229405631 0.007858259510161504 0.05580813347236703
17 0.08144085461177697 0.5567674661105319 0.014533611255862422 0.0395203336809176
17 0.0747264200104221 0.604504692387904 0.019749869723814484 0.0528467153284671
17 0.6628426263678999 0.8486652763295099 0.010229286086503326 0.07420229405630874
17 0.6126758728504429 0.9673409801876955 0.019494528400208485 0.06531803962460896
17 0.7145909327774884 0.7244994786235663 0.004815007816571136 0.030625651720542237
17 0.08460135487232934 0.5297966631908237 0.010651380927566439 0.03218978102189782
17 0.6839890568004169 0.7865537017726799 0.00692548202188638 0.05041710114702818
17 0.7028712871287128 0.7418404588112617 0.0052423137050546876 0.03619395203336801
17 0.6433507034914018 0.9034984358706986 0.012777488275143294 0.09114702815432739
17 0.6693955184992183 0.8287956204379563 0.009630015633142272 0.06768508863399371
17 0.6875247524752476 0.776517205422315 0.006899426784783746 0.04807090719499481
8 0.7067222511724855 0.670422314911366 0.015195414278269976 0.028477580813347298
12 0.898754559666493 0.6337695516162669 0.010974465867639368 0.021949947862356572
8 0.08902292860865034 0.45783628779979146 0.012574257425742572 0.016590198123044804
17 0.6968759770713913 0.7530813347236704 0.006206357477853091 0.04026068821689261
17 0.6936399166232412 0.7598227320125132 0.0062584679520583586 0.042606882168925976
1 0.5596638874413756 0.7065276329509905 0.1722720166753517 0.35245046923879036
17 0.6904846274101094 0.7672679874869656 0.006795205836373092 0.04615224191866538
17 0.699794163626889 0.7469812304483837 0.006050026055237169 0.038759124087591315
1 0.03339239187076602 0.5124869655891554 0.06678478374153204 0.18797705943691348
17 0.6304898384575299 0.9437591240875913 0.01677957269411154 0.10837330552659015
17 0.7088900468994268 0.7323618352450469 0.005085982282438765 0.03308654848800836
17 0.7117535174570089 0.7284045881126173 0.004924439812402198 0.03136600625651725
17 0.7059744658676393 0.7372888425443169 0.005455966649296522 0.03436913451511984
17 0.08754299114121938 0.5128102189781022 0.008989056800416884 0.02664233576642337
17 0.6752449192287651 0.812221063607925 0.008561750911933333 0.0616684045881126
17 0.654293903074518 0.8734254431699687 0.011985409067222511 0.08280500521376442
17 0.679911412193851 0.7983420229405631 0.007858259510161504 0.05580813347236703
17 0.08144085461177697 0.5567674661105319 0.014533611255862422 0.0395203336809176
17 0.0747264200104221 0.604504692387904 0.019749869723814484 0.0528467153284671
17 0.6628426263678999 0.8486652763295099 0.010229286086503326 0.07420229405630874
17 0.6126758728504429 0.9673409801876955 0.019494528400208485 0.06531803962460896
17 0.7145909327774884 0.7244994786235663 0.004815007816571136 0.030625651720542237
17 0.08460135487232934 0.5297966631908237 0.010651380927566439 0.03218978102189782
17 0.6839890568004169 0.7865537017726799 0.00692548202188638 0.05041710114702818
17 0.7028712871287128 0.7418404588112617 0.0052423137050546876 0.03619395203336801
17 0.6433507034914018 0.9034984358706986 0.012777488275143294 0.09114702815432739
17 0.6693955184992183 0.8287956204379563 0.009630015633142272 0.06768508863399371
