0 0.4980250130276186 0.6475964546402502 0.006357477853048427 0.008852971845672585
7 0.6103465346534654 0.6358498435870699 0.00369463262115681 0.01601668404588114
0 0.6106930693069307 0.6597810218978102 0.015007816571130773 0.025964546402502585
0 0.5848619072433558 0.7386861313868613 0.05455966649296511 0.07945776850886345
7 0.6772303282959875 0.6383368091762252 0.005726941115164153 0.026141814389989623
0 0.10155810317873892 0.41725755995828984 0.01573736321000522 0.016371220020855046
0 0.4980250130276186 0.6475964546402502 0.006357477853048427 0.008852971845672585
7 0.6103465346534654 0.6358498435870699 0.00369463262115681 0.01601668404588114
0 0.6106930693069307 0.6597810218978102 0.015007816571130773 0.025964546402502585
0 0.5848619072433558 0.7386861313868613 0.05455966649296511 0.07945776850886345
7 0.6772303282959875 0.6383368091762252 0.005726941115164153 0.026141814389989623
0 0.10155810317873892 0.41725755995828984 0.01573736321000522 0.016371220020855046
