2 0.5075716519020322 0.7847497393117832 0.14556539864512769 0.20526590198123046
7 0.6437623762376238 0.5734619395203338 0.06620114643043262 0.033263816475495284
0 0.30208963001563316 0.8446663190823774 0.119009900990099 0.167393117831074
2 0.6561594580510683 0.6474400417101147 0.007222511724856644 0.01398331595411884
0 0.5988327253778009 0.6636861313868614 0.01650859822824391 0.024452554744525595
2 0.5075716519020322 0.7847497393117832 0.14556539864512769 0.20526590198123046
7 0.6437623762376238 0.5734619395203338 0.06620114643043262 0.033263816475495284
0 0.30208963001563316 0.8446663190823774 0.119009900990099 0.167393117831074
2 0.6561594580510683 0.6474400417101147 0.007222511724856644 0.01398331595411884
0 0.5988327253778009 0.6636861313868614 0.01650859822824391 0.024452554744525595
