7 0.7275612298071913 0.5109697601668405 0.051287128712871326 0.08483837330552667
7 0.6633350703491402 0.5123879040667362 0.0519645648775404 0.08533889468196035
0 0.4818212610734758 0.8393274244004171 0.11535695674830641 0.162221063607925
16 0.6940489838457531 0.706725755995829 0.0035018238665972 0.0392283628779978
6 0.8785852006253257 0.6155109489051095 0.006560708702449149 0.012565172054223101
16 0.7259874934861907 0.6849791449426486 0.0026263678999478707 0.027747653806047982
1 0.7714252214695154 0.6620594369134515 0.049749869723814386 0.11216892596454646
16 0.9080250130276185 0.6080813347236705 0.0017717561229807666 0.010323253388946796
6 0.6779885356956749 0.6407977059436913 0.006816050026055199 0.015172054223149066
1 0.8419332985930172 0.6235766423357664 0.04046899426784788 0.06004171011470274
