1 0.6752188639916623 0.6647288842544318 0.04237102657634193 0.11060479666319076
7 0.6620453361125587 0.57429614181439 0.023903074517978174 0.04535974973931178
7 0.6359588327253778 0.5745046923879041 0.017816571130797317 0.044942648592283654
3 0.5763001563314226 0.6891397288842545 0.08867118290776445 0.1775078206465068
7 0.6100521104742054 0.5747184567257559 0.023824908806670157 0.04534932221063609
1 0.6382829598749349 0.64429614181439 0.014835852006253153 0.04425443169968723
1 0.6752188639916623 0.6647288842544318 0.04237102657634193 0.11060479666319076
7 0.6620453361125587 0.57429614181439 0.023903074517978174 0.04535974973931178
7 0.6359588327253778 0.5745046923879041 0.017816571130797317 0.044942648592283654
3 0.5763001563314226 0.6891397288842545 0.08867118290776445 0.1775078206465068
7 0.6100521104742054 0.5747184567257559 0.023824908806670157 0.04534932221063609
1 0.6382829598749349 0.64429614181439 0.014835852006253153 0.04425443169968723
