7 0.7425586242834809 0.5942335766423358 0.01735278791036996 0.03128258602711158
1 0.6903361125586244 0.6623044838373305 0.036420010422094896 0.10145985401459849
1 0.7029181865554976 0.6467153284671533 0.023762376237623832 0.05693430656934309
3 0.6643590411672747 0.6523253388946819 0.03073996873371548 0.05772679874869657
1 0.7082959874934862 0.6431491136600626 0.030547159979155754 0.03680917622523457
0 0.5108754559666494 0.8224713242961418 0.1115476810838979 0.1454640250260688
6 0.833480979676915 0.64859228362878 0.018186555497655077 0.036913451511991754
7 0.7084705575820739 0.5951251303441085 0.015398645127670639 0.030458811261731007
7 0.7253882230328296 0.594473409801877 0.012079207920791995 0.03153284671532847
7 0.7425586242834809 0.5942335766423358 0.01735278791036996 0.03128258602711158
1 0.6903361125586244 0.6623044838373305 0.036420010422094896 0.10145985401459849
1 0.7029181865554976 0.6467153284671533 0.023762376237623832 0.05693430656934309
3 0.6643590411672747 0.6523253388946819 0.03073996873371548 0.05772679874869657
1 0.7082959874934862 0.6431491136600626 0.030547159979155754 0.03680917622523457
0 0.5108754559666494 0.8224713242961418 0.1115476810838979 0.1454640250260688
6 0.833480979676915 0.64859228362878 0.018186555497655077 0.036913451511991754
7 0.7084705575820739 0.5951251303441085 0.015398645127670639 0.030458811261731007
7 0.7253882230328296 0.594473409801877 0.012079207920791995 0.03153284671532847
