7 0.8033402813965608 0.6361626694473409 0.031474726420010354 0.01349322210636073
7 0.8038613861386138 0.6035036496350364 0.03179781136008337 0.05013555787278407
0 0.5762532569046378 0.7478779979144942 0.060312662845231894 0.0840771637122002
0 0.4882438770192809 0.6728571428571428 0.026294945284002044 0.029030239833159575
1 0.13546117769671703 0.6721584984358706 0.27092235539343407 0.25380604796663186
0 0.6968212610734758 0.6549530761209592 0.009379885356956748 0.015224191866527657
7 0.7160187597707139 0.5545203336809176 0.029828035435122465 0.05621480709071953
7 0.6649947889525795 0.5542857142857143 0.04388223032829601 0.057267987486965544
15 0.7961490359562272 0.6496454640250261 0.017029702970297062 0.011720542231491146
7 0.8033402813965608 0.6361626694473409 0.031474726420010354 0.01349322210636073
7 0.8038613861386138 0.6035036496350364 0.03179781136008337 0.05013555787278407
0 0.5762532569046378 0.7478779979144942 0.060312662845231894 0.0840771637122002
0 0.4882438770192809 0.6728571428571428 0.026294945284002044 0.029030239833159575
1 0.13546117769671703 0.6721584984358706 0.27092235539343407 0.25380604796663186
0 0.6968212610734758 0.6549530761209592 0.009379885356956748 0.015224191866527657
7 0.7160187597707139 0.5545203336809176 0.029828035435122465 0.05621480709071953
7 0.6649947889525795 0.5542857142857143 0.04388223032829601 0.057267987486965544
15 0.7961490359562272 0.6496454640250261 0.017029702970297062 0.011720542231491146
