7 0.08153204794163628 0.4305839416058394 0.019385096404377272 0.016517205422314944
0 0.7722615945805107 0.6662408759124087 0.015112037519541427 0.0188842544316997
7 0.06145909327774882 0.4350886339937435 0.01113079729025534 0.015015641293013532
3 0.7885461177696717 0.6427372262773723 0.02173006774361649 0.027142857142857114
0 0.723793642522147 0.681021897810219 0.02057321521625848 0.028925964546402512
1 0.6879989577905159 0.6490406673618352 0.042834809796769055 0.05265901981230448
1 0.36587285044293905 0.6861887382690303 0.24117769671704012 0.2147132429614181
0 0.8020948410630536 0.6677528675703858 0.014226159458051045 0.018133472367049114
7 0.08153204794163628 0.4305839416058394 0.019385096404377272 0.016517205422314944
0 0.7722615945805107 0.6662408759124087 0.015112037519541427 0.0188842544316997
7 0.06145909327774882 0.4350886339937435 0.01113079729025534 0.015015641293013532
3 0.7885461177696717 0.6427372262773723 0.02173006774361649 0.027142857142857114
0 0.723793642522147 0.681021897810219 0.02057321521625848 0.028925964546402512
1 0.6879989577905159 0.6490406673618352 0.042834809796769055 0.05265901981230448
1 0.36587285044293905 0.6861887382690303 0.24117769671704012 0.2147132429614181
0 0.8020948410630536 0.6677528675703858 0.014226159458051045 0.018133472367049114
