1 0.7212532569046378 0.662398331595412 0.04180823345492445 0.10456725755995826
21 0.7547915581031788 0.8182273201251304 0.06801980198019801 0.1336392075078206
6 0.7947993746743094 0.6361626694473409 0.005888483585200601 0.011366006256517182
8 0.7592183428869202 0.6534098018769552 0.005732152162584679 0.010323253388946914
7 0.7330823345492444 0.6302606882168926 0.027467430953621697 0.01207507820646511
1 0.6658415841584159 0.6523357664233577 0.03642522146951542 0.09044838373305528
7 0.73303804064617 0.6436079249217935 0.026836894215737362 0.013889468196037591
8 0.7777853048462742 0.6597601668404588 0.005346534653465342 0.009197080291970855
0 0.6864147993746743 0.6464859228362878 0.005992704533611256 0.009384775808133473
1 0.32024491922876497 0.5735766423357663 0.6404898384575299 0.847466110531804
0 0.08203491401771756 0.4211835245046924 0.009729025534132353 0.01227320125130348
11 0.7947212089630017 0.6475234619395203 0.005627931214174025 0.012419186652763262
1 0.7212532569046378 0.662398331595412 0.04180823345492445 0.10456725755995826
21 0.7547915581031788 0.8182273201251304 0.06801980198019801 0.1336392075078206
6 0.7947993746743094 0.6361626694473409 0.005888483585200601 0.011366006256517182
8 0.7592183428869202 0.6534098018769552 0.005732152162584679 0.010323253388946914
7 0.7330823345492444 0.6302606882168926 0.027467430953621697 0.01207507820646511
1 0.6658415841584159 0.6523357664233577 0.03642522146951542 0.09044838373305528
7 0.73303804064617 0.6436079249217935 0.026836894215737362 0.013889468196037591
8 0.7777853048462742 0.6597601668404588 0.005346534653465342 0.009197080291970855
0 0.6864147993746743 0.6464859228362878 0.005992704533611256 0.009384775808133473
1 0.32024491922876497 0.5735766423357663 0.6404898384575299 0.847466110531804
0 0.08203491401771756 0.4211835245046924 0.009729025534132353 0.01227320125130348
11 0.7947212089630017 0.6475234619395203 0.005627931214174025 0.012419186652763262
