0 0.5102214695153726 0.7046923879040667 0.04109953100573215 0.05172054223149116
0 0.11023710265763419 0.7189728884254432 0.10134966128191766 0.07590198123044835
21 0.6613105784262637 0.7747028154327424 0.05689942678478377 0.11947862356621484
3 0.5919906201146431 0.6633263816475495 0.040489838457529986 0.09297184567257569
7 0.6671443460135488 0.48675703858185604 0.06696195935383012 0.07382690302398333
7 0.5705367378843147 0.4858915537017727 0.10624283480979677 0.0778936392075078
0 0.47514590932777484 0.8724608967674662 0.12017196456487748 0.18944734098018765
0 0.5102214695153726 0.7046923879040667 0.04109953100573215 0.05172054223149116
0 0.11023710265763419 0.7189728884254432 0.10134966128191766 0.07590198123044835
21 0.6613105784262637 0.7747028154327424 0.05689942678478377 0.11947862356621484
3 0.5919906201146431 0.6633263816475495 0.040489838457529986 0.09297184567257569
7 0.6671443460135488 0.48675703858185604 0.06696195935383012 0.07382690302398333
7 0.5705367378843147 0.4858915537017727 0.10624283480979677 0.0778936392075078
0 0.47514590932777484 0.8724608967674662 0.12017196456487748 0.18944734098018765
