0 0.2572433559145388 0.6757924921793536 0.06404377279833248 0.05189781021897808
8 0.9852527357998957 0.657924921793535 0.01469515372589893 0.029092805005213742
8 0.9472720166753518 0.6537851929092805 0.014575299635226694 0.02840458811261732
1 0.4467014069828036 0.6802919708029198 0.288764981761334 0.17977059436913448
1 0.676341844710787 0.7426485922836288 0.16977592496091712 0.20875912408759117
0 0.10223293381969777 0.6179770594369135 0.031177696717040116 0.03428571428571428
0 0.18352527357998957 0.7161835245046924 0.10100573215216259 0.06052137643378527
0 0.2991610213652944 0.6212617309697601 0.04640958832725381 0.031011470281543285
1 0.8866492965085983 0.6115537017726799 0.09921834288692032 0.09956204379562046
3 0.46053934340802505 0.6262773722627736 0.11652423137050548 0.08821689259645467
1 0.9413626889004689 0.6338998957247132 0.11581552892131318 0.1337017726798749
0 0.17336894215737364 0.6620855057351408 0.07946326211568526 0.04221063607924912
0 0.2911516414799375 0.6341762252346194 0.05073475768629492 0.03477580813347239
17 0.5844241792600312 0.7089989572471325 0.004637832204273106 0.036600625651720564
8 0.8035904116727463 0.660740354535975 0.012204273058884755 0.028050052137643354
0 0.2572433559145388 0.6757924921793536 0.06404377279833248 0.05189781021897808
8 0.9852527357998957 0.657924921793535 0.01469515372589893 0.029092805005213742
8 0.9472720166753518 0.6537851929092805 0.014575299635226694 0.02840458811261732
1 0.4467014069828036 0.6802919708029198 0.288764981761334 0.17977059436913448
1 0.676341844710787 0.7426485922836288 0.16977592496091712 0.20875912408759117
0 0.10223293381969777 0.6179770594369135 0.031177696717040116 0.03428571428571428
0 0.18352527357998957 0.7161835245046924 0.10100573215216259 0.06052137643378527
0 0.2991610213652944 0.6212617309697601 0.04640958832725381 0.031011470281543285
1 0.8866492965085983 0.6115537017726799 0.09921834288692032 0.09956204379562046
3 0.46053934340802505 0.6262773722627736 0.11652423137050548 0.08821689259645467
1 0.9413626889004689 0.6338998957247132 0.11581552892131318 0.1337017726798749
0 0.17336894215737364 0.6620855057351408 0.07946326211568526 0.04221063607924912
0 0.2911516414799375 0.6341762252346194 0.05073475768629492 0.03477580813347239
17 0.5844241792600312 0.7089989572471325 0.004637832204273106 0.036600625651720564
8 0.8035904116727463 0.660740354535975 0.012204273058884755 0.028050052137643354
