1 0.38705855855855853 0.584152719665272 0.042171171171171175 0.0739958158995816
1 0.20326576576576577 0.9085983263598326 0.03761261261261261 0.08196652719665261
0 0.44585585585585585 0.590376569037657 0.011171171171171201 0.01841004184100421
0 0.3669414414414415 0.6073535564853556 0.02017117117117116 0.03529288702928871
1 0.32638738738738743 0.5915899581589957 0.0740900900900901 0.10594142259414235
0 0.5179414414414414 0.6498117154811716 0.04400900900900903 0.07443514644351461
1 0.5163693693693694 0.5757112970711297 0.036126126126126146 0.12008368200836815
0 0.17735135135135136 0.9378242677824267 0.024252252252252242 0.05606694560669458
1 0.06074774774774776 0.62494769874477 0.12149549549549551 0.27646443514644353
1 0.4891441441441442 0.5760146443514644 0.009729729729729792 0.024079497907949773
1 0.24145045045045044 0.5904811715481172 0.12560360360360362 0.1755230125523012
0 0.14704504504504504 0.6624895397489539 0.07007207207207208 0.08648535564853552
