3 0.3261239368165249 0.5641692789968652 0.07302551640340219 0.10545454545454541
0 0.42936208991494534 0.6420768025078369 0.0845321992709599 0.06757053291536053
0 0.9388061968408263 0.7860501567398119 0.12238760631834754 0.25391849529780564
0 0.49444106925880915 0.6151645768025079 0.06494532199270958 0.06042319749216303
5 0.2507047387606319 0.544898119122257 0.0072174969623329255 0.0174137931034483
8 0.23904921020656136 0.5910423197492164 0.010358444714459302 0.025752351097178695
8 0.2506379100850547 0.5703761755485893 0.008201701093560146 0.022257053291536034
11 0.5728250303766708 0.5456896551724137 0.009854191980558947 0.026081504702194426
8 0.4530072904009721 0.6487460815047021 0.03104495747266101 0.07523510971786834
5 0.45492102065613604 0.5726175548589343 0.02660996354799518 0.06573667711598746
3 0.3261239368165249 0.5641692789968652 0.07302551640340219 0.10545454545454541
0 0.42936208991494534 0.6420768025078369 0.0845321992709599 0.06757053291536053
0 0.9388061968408263 0.7860501567398119 0.12238760631834754 0.25391849529780564
0 0.49444106925880915 0.6151645768025079 0.06494532199270958 0.06042319749216303
5 0.2507047387606319 0.544898119122257 0.0072174969623329255 0.0174137931034483
8 0.23904921020656136 0.5910423197492164 0.010358444714459302 0.025752351097178695
8 0.2506379100850547 0.5703761755485893 0.008201701093560146 0.022257053291536034
11 0.5728250303766708 0.5456896551724137 0.009854191980558947 0.026081504702194426
8 0.4530072904009721 0.6487460815047021 0.03104495747266101 0.07523510971786834
5 0.45492102065613604 0.5726175548589343 0.02660996354799518 0.06573667711598746
