1 0.43545045045045044 0.6823849372384937 0.1346846846846847 0.32435146443514645
2 0.9363963963963965 0.6315690376569038 0.12720720720720724 0.12882845188284517
1 0.3391396396396396 0.5983472803347281 0.05325225225225227 0.14355648535564855
2 0.7632297297297297 0.6101046025104603 0.16916216216216226 0.18004184100418416
4 0.6680765765765766 0.5769560669456066 0.04548648648648639 0.13089958158995815
20 0.3733333333333333 0.3002092050209205 0.032432432432432434 0.03138075313807531
1 0.08157657657657658 0.6032426778242679 0.16315315315315315 0.1416317991631799
1 0.43545045045045044 0.6823849372384937 0.1346846846846847 0.32435146443514645
2 0.9363963963963965 0.6315690376569038 0.12720720720720724 0.12882845188284517
1 0.3391396396396396 0.5983472803347281 0.05325225225225227 0.14355648535564855
2 0.7632297297297297 0.6101046025104603 0.16916216216216226 0.18004184100418416
4 0.6680765765765766 0.5769560669456066 0.04548648648648639 0.13089958158995815
20 0.3733333333333333 0.3002092050209205 0.032432432432432434 0.03138075313807531
1 0.08157657657657658 0.6032426778242679 0.16315315315315315 0.1416317991631799
