0 0.21579283110571082 0.6021081504702194 0.021731470230862686 0.06242946708463947
4 0.6943013365735115 0.5434247648902822 0.07445929526123933 0.17051724137931037
0 0.37861786148238147 0.6423510971786833 0.11129404617253945 0.09272727272727267
0 0.14886087484811664 0.6760971786833856 0.06691980558930744 0.12899686520376177
0 0.1954921020656136 0.6161442006269593 0.035625759416767946 0.06583072100313479
0 0.21579283110571082 0.6021081504702194 0.021731470230862686 0.06242946708463947
4 0.6943013365735115 0.5434247648902822 0.07445929526123933 0.17051724137931037
0 0.37861786148238147 0.6423510971786833 0.11129404617253945 0.09272727272727267
0 0.14886087484811664 0.6760971786833856 0.06691980558930744 0.12899686520376177
0 0.1954921020656136 0.6161442006269593 0.035625759416767946 0.06583072100313479
