20 0.20879490150637312 0.2585885885885886 0.008064889918887578 0.05657657657657659
1 0.22183661645422942 0.6269744744744745 0.10422943221320972 0.30599099099099103
12 0.37698725376593284 0.5487237237237237 0.022676709154113548 0.05840840840840837
0 0.24652375434530707 0.789421921921922 0.10762456546929315 0.18001501501501507
20 0.29863847045191194 0.5108108108108108 0.006431054461181937 0.051951951951951986
0 0.2549449594438007 0.9177477477477478 0.1990556199304751 0.16450450450450443
5 0.3092004634994206 0.46031531531531533 0.016801853997682505 0.03972972972972978
20 0.20879490150637312 0.2585885885885886 0.008064889918887578 0.05657657657657659
1 0.22183661645422942 0.6269744744744745 0.10422943221320972 0.30599099099099103
12 0.37698725376593284 0.5487237237237237 0.022676709154113548 0.05840840840840837
0 0.24652375434530707 0.789421921921922 0.10762456546929315 0.18001501501501507
20 0.29863847045191194 0.5108108108108108 0.006431054461181937 0.051951951951951986
0 0.2549449594438007 0.9177477477477478 0.1990556199304751 0.16450450450450443
5 0.3092004634994206 0.46031531531531533 0.016801853997682505 0.03972972972972978
