0 0.1376593279258401 0.6154579579579579 0.06118192352259558 0.10839339339339339
12 0.5022769409038239 0.5083483483483483 0.03463499420625729 0.08342342342342343
7 0.15748551564310545 0.4746321321321322 0.012247972190034755 0.013378378378378415
0 0.15572132097334876 0.5472972972972973 0.025811123986095023 0.05345345345345349
1 0.2276390498261877 0.5060660660660661 0.059785631517960604 0.16741741741741742
0 0.1376593279258401 0.6154579579579579 0.06118192352259558 0.10839339339339339
12 0.5022769409038239 0.5083483483483483 0.03463499420625729 0.08342342342342343
7 0.15748551564310545 0.4746321321321322 0.012247972190034755 0.013378378378378415
0 0.15572132097334876 0.5472972972972973 0.025811123986095023 0.05345345345345349
1 0.2276390498261877 0.5060660660660661 0.059785631517960604 0.16741741741741742
