9 0.11635573580533023 0.5300075075075076 0.01785631517960604 0.04178678678678676
1 0.24625434530706836 0.5572522522522523 0.08110660486674388 0.18717717717717713
0 0.01488412514484357 0.6063363363363363 0.02976825028968714 0.0595195195195195
9 0.3654055619930475 0.5298573573573574 0.017856315179606053 0.04238738738738741
6 0.36532734646581694 0.5750075075075076 0.017317497103128614 0.04518018018018014
0 0.2891164542294322 0.5580930930930931 0.01599652375434535 0.036636636636636605
4 0.11646292004634994 0.5765915915915916 0.017537659327925847 0.04441441441441439
21 0.2897943221320974 0.678536036036036 0.04404982618771728 0.01842342342342348
21 0.1954837775202781 0.6797072072072072 0.04404982618771728 0.018423423423423395
9 0.11635573580533023 0.5300075075075076 0.01785631517960604 0.04178678678678676
1 0.24625434530706836 0.5572522522522523 0.08110660486674388 0.18717717717717713
0 0.01488412514484357 0.6063363363363363 0.02976825028968714 0.0595195195195195
9 0.3654055619930475 0.5298573573573574 0.017856315179606053 0.04238738738738741
6 0.36532734646581694 0.5750075075075076 0.017317497103128614 0.04518018018018014
0 0.2891164542294322 0.5580930930930931 0.01599652375434535 0.036636636636636605
4 0.11646292004634994 0.5765915915915916 0.017537659327925847 0.04441441441441439
21 0.2897943221320974 0.678536036036036 0.04404982618771728 0.01842342342342348
21 0.1954837775202781 0.6797072072072072 0.04404982618771728 0.018423423423423395
