0 0.859774044032445 0.4664414414414414 0.0967091541135574 0.07840840840840836
0 0.7600492468134413 0.4484684684684685 0.08023754345307069 0.060210210210210245
0 0.6889107763615295 0.4376126126126126 0.0643916570104288 0.05297297297297293
2 0.6422682502896871 0.4143993993993994 0.07087485515643101 0.06720720720720719
0 0.6727027809965238 0.4335360360360361 0.06473348783314022 0.04947447447447446
16 0.20434530706836618 0.4497597597597597 0.0030127462340672007 0.04489489489489495
16 0.37399768250289683 0.45338588588588596 0.0023754345307068496 0.046411411411411446
0 0.9063528389339514 0.46715465465465467 0.13136152954808808 0.10349849849849842
0 0.7887746234067207 0.453018018018018 0.09283314020857475 0.06324324324324325
0 0.859774044032445 0.4664414414414414 0.0967091541135574 0.07840840840840836
0 0.7600492468134413 0.4484684684684685 0.08023754345307069 0.060210210210210245
0 0.6889107763615295 0.4376126126126126 0.0643916570104288 0.05297297297297293
2 0.6422682502896871 0.4143993993993994 0.07087485515643101 0.06720720720720719
0 0.6727027809965238 0.4335360360360361 0.06473348783314022 0.04947447447447446
16 0.20434530706836618 0.4497597597597597 0.0030127462340672007 0.04489489489489495
16 0.37399768250289683 0.45338588588588596 0.0023754345307068496 0.046411411411411446
0 0.9063528389339514 0.46715465465465467 0.13136152954808808 0.10349849849849842
0 0.7887746234067207 0.453018018018018 0.09283314020857475 0.06324324324324325
