8 0.23053012746234067 0.29706456456456454 0.015196987253765943 0.039444444444444414
8 0.7999999999999999 0.25893393393393394 0.007763615295480934 0.017267267267267267
8 0.43967265353418306 0.2893243243243243 0.009878331402085721 0.02615615615615618
0 0.4022305909617613 0.3831831831831832 0.059154113557358 0.09699699699699699
8 0.6017323290845887 0.2789864864864865 0.008238702201622265 0.019504504504504517
8 0.23053012746234067 0.29706456456456454 0.015196987253765943 0.039444444444444414
8 0.7999999999999999 0.25893393393393394 0.007763615295480934 0.017267267267267267
8 0.43967265353418306 0.2893243243243243 0.009878331402085721 0.02615615615615618
0 0.4022305909617613 0.3831831831831832 0.059154113557358 0.09699699699699699
8 0.6017323290845887 0.2789864864864865 0.008238702201622265 0.019504504504504517
