0 0.8270162224797218 0.4573798798798799 0.08384704519119353 0.06983483483483482
0 0.9671726535341831 0.5213213213213213 0.0656546929316338 0.11471471471471469
0 0.6150202780996524 0.42945945945945946 0.06399188876013907 0.04468468468468467
0 0.5965324449594438 0.4981381381381381 0.12650637311703355 0.10741741741741737
0 0.7842584009269989 0.4479804804804805 0.08342989571263036 0.06788288288288286
0 0.6884356894553881 0.4494894894894895 0.08468134414831974 0.06270270270270269
0 0.952598493626883 0.6756456456456457 0.09480301274623414 0.26462462462462466
0 0.49784183082271144 0.40506006006006 0.04371378910776364 0.03741741741741744
0 0.5425289687137891 0.4682582582582583 0.09154692931633834 0.1005705705705706
0 0.6968539976825029 0.4288738738738739 0.06417149478563151 0.06324324324324325
0 0.6083893395133255 0.4131981981981982 0.04199304750869056 0.04378378378378374
0 0.58986674391657 0.41997747747747755 0.050057937427578206 0.035240240240240195
2 0.128441483198146 0.3817192192192192 0.031541135573580535 0.034249249249249256
0 0.5828736964078794 0.40539039039039043 0.030996523754345306 0.03303303303303303
0 0.5302549246813442 0.40614114114114114 0.04780996523754344 0.0425825825825826
0 0.6379171494785632 0.43133633633633633 0.06990150637311696 0.05621621621621621
0 0.8318308227114716 0.5849774774774775 0.21599073001158758 0.18400900900900902
0 0.907143684820394 0.4704654654654655 0.11879490150637309 0.08345345345345342
0 0.563539976825029 0.413385885885886 0.042954808806488984 0.03632132132132132
0 0.23095596755504055 0.38133633633633635 0.009965237543453097 0.0198198198198198
0 0.7817960602549248 0.4689564564564565 0.08618771726535342 0.08605105105105106
0 0.7419003476245655 0.5397822822822823 0.1537079953650059 0.1568918918918919
0 0.8270162224797218 0.4573798798798799 0.08384704519119353 0.06983483483483482
0 0.9671726535341831 0.5213213213213213 0.0656546929316338 0.11471471471471469
0 0.6150202780996524 0.42945945945945946 0.06399188876013907 0.04468468468468467
0 0.5965324449594438 0.4981381381381381 0.12650637311703355 0.10741741741741737
0 0.7842584009269989 0.4479804804804805 0.08342989571263036 0.06788288288288286
0 0.6884356894553881 0.4494894894894895 0.08468134414831974 0.06270270270270269
0 0.952598493626883 0.6756456456456457 0.09480301274623414 0.26462462462462466
0 0.49784183082271144 0.40506006006006 0.04371378910776364 0.03741741741741744
0 0.5425289687137891 0.4682582582582583 0.09154692931633834 0.1005705705705706
0 0.6968539976825029 0.4288738738738739 0.06417149478563151 0.06324324324324325
0 0.6083893395133255 0.4131981981981982 0.04199304750869056 0.04378378378378374
0 0.58986674391657 0.41997747747747755 0.050057937427578206 0.035240240240240195
2 0.128441483198146 0.3817192192192192 0.031541135573580535 0.034249249249249256
0 0.5828736964078794 0.40539039039039043 0.030996523754345306 0.03303303303303303
0 0.5302549246813442 0.40614114114114114 0.04780996523754344 0.0425825825825826
0 0.6379171494785632 0.43133633633633633 0.06990150637311696 0.05621621621621621
0 0.8318308227114716 0.5849774774774775 0.21599073001158758 0.18400900900900902
0 0.907143684820394 0.4704654654654655 0.11879490150637309 0.08345345345345342
0 0.563539976825029 0.413385885885886 0.042954808806488984 0.03632132132132132
0 0.23095596755504055 0.38133633633633635 0.009965237543453097 0.0198198198198198
0 0.7817960602549248 0.4689564564564565 0.08618771726535342 0.08605105105105106
0 0.7419003476245655 0.5397822822822823 0.1537079953650059 0.1568918918918919
