9 0.48173812282734646 0.38996996996997 0.036523754345307045 0.0825225225225225
0 0.2738412514484357 0.39054054054054055 0.015063731170336037 0.03093093093093088
21 0.14463789107763614 0.4665015015015015 0.018835457705677863 0.018948948948948954
0 0.9914745075318655 0.46802552552552557 0.017050984936268866 0.07145645645645642
7 0.40836037079953647 0.3568168168168168 0.03333719582850526 0.03093093093093092
0 0.4121465816917729 0.47723723723723727 0.07304171494785627 0.08456456456456456
6 0.3236935110081113 0.37123123123123125 0.007537659327925834 0.02090090090090088
21 0.21742757821552722 0.46672672672672677 0.016361529548088036 0.017597597597597554
21 0.3232068366164542 0.7406081081081081 0.07792004634994207 0.1797447447447448
2 0.2736297798377752 0.39756006006006 0.019368482039397453 0.05412912912912914
