0 0.2570625724217845 0.41869369369369375 0.012873696407879507 0.03078078078078078
0 0.26991309385863266 0.392957957957958 0.0073001158748551695 0.015465465465465483
6 0.7068655851680186 0.4269744744744745 0.06367323290845892 0.1517567567567567
6 0.31516801853997684 0.3855255255255255 0.005075318655851675 0.01294294294294295
1 0.2868771726535342 0.3831606606606607 0.012676709154113555 0.048033033033033044
1 0.8851969872537658 0.4374624624624625 0.2296060254924681 0.21726726726726725
0 0.343018539976825 0.43995495495495496 0.021958285052143672 0.04387387387387391
0 0.2570625724217845 0.41869369369369375 0.012873696407879507 0.03078078078078078
0 0.26991309385863266 0.392957957957958 0.0073001158748551695 0.015465465465465483
6 0.7068655851680186 0.4269744744744745 0.06367323290845892 0.1517567567567567
6 0.31516801853997684 0.3855255255255255 0.005075318655851675 0.01294294294294295
1 0.2868771726535342 0.3831606606606607 0.012676709154113555 0.048033033033033044
1 0.8851969872537658 0.4374624624624625 0.2296060254924681 0.21726726726726725
0 0.343018539976825 0.43995495495495496 0.021958285052143672 0.04387387387387391
