16 0.37625434530706836 0.3918618618618619 0.002531865585168021 0.023483483483483506
0 0.4851651216685979 0.5591591591591591 0.08081691772885284 0.15903903903903907
0 0.40870799536500585 0.3617267267267267 0.021749710312862155 0.07654654654654654
16 0.4766859791425261 0.38912912912912906 0.0027114716106605235 0.022642642642642617
11 0.5137977983777521 0.3567567567567567 0.01041135573580528 0.026726726726726744
7 0.4460023174971031 0.34201201201201203 0.011703360370799496 0.02618618618618618
16 0.325 0.4251426426426426 0.0027230590961760904 0.04340840840840845
16 0.512694090382387 0.42728228228228227 0.0039049826187717318 0.04339339339339336
16 0.37625434530706836 0.3918618618618619 0.002531865585168021 0.023483483483483506
0 0.4851651216685979 0.5591591591591591 0.08081691772885284 0.15903903903903907
0 0.40870799536500585 0.3617267267267267 0.021749710312862155 0.07654654654654654
16 0.4766859791425261 0.38912912912912906 0.0027114716106605235 0.022642642642642617
11 0.5137977983777521 0.3567567567567567 0.01041135573580528 0.026726726726726744
7 0.4460023174971031 0.34201201201201203 0.011703360370799496 0.02618618618618618
16 0.325 0.4251426426426426 0.0027230590961760904 0.04340840840840845
16 0.512694090382387 0.42728228228228227 0.0039049826187717318 0.04339339339339336
