13 0.28126882966396294 0.34145645645645645 0.012688296639629221 0.031231231231231248
11 0.4187485515643105 0.3632882882882883 0.020672074159907336 0.05270270270270269
0 0.28031286210892237 0.3995645645645646 0.019351100811123973 0.03633633633633632
1 0.0975 0.5221921921921923 0.195 0.72996996996997
16 0.3253650057937427 0.4064564564564565 0.0025492468134414702 0.03723723723723726
16 0.42751448435689454 0.5171246246246246 0.00590961761297801 0.10403903903903906
13 0.28126882966396294 0.34145645645645645 0.012688296639629221 0.031231231231231248
11 0.4187485515643105 0.3632882882882883 0.020672074159907336 0.05270270270270269
0 0.28031286210892237 0.3995645645645646 0.019351100811123973 0.03633633633633632
1 0.0975 0.5221921921921923 0.195 0.72996996996997
16 0.3253650057937427 0.4064564564564565 0.0025492468134414702 0.03723723723723726
16 0.42751448435689454 0.5171246246246246 0.00590961761297801 0.10403903903903906
