6 0.45445929526123935 0.5436912225705329 0.025929526123936786 0.05380877742946715
8 0.3247114216281895 0.5753683385579937 0.012059538274605116 0.029420062695924825
8 0.36763365735115433 0.5765047021943573 0.010054678007290374 0.023855799373040797
8 0.4112241798298906 0.5790282131661442 0.008657351154313488 0.02200626959247652
8 0.4929708383961118 0.5841536050156739 0.007132442284325643 0.01783699059561128
8 0.5769319562575942 0.5913557993730407 0.00640340218712027 0.015313479623824513
11 0.453554070473876 0.5951567398119123 0.026294046172539543 0.0491222570532915
0 0.31330498177399757 0.6734326018808777 0.05492102065613608 0.10987460815047016
21 0.3154708383961118 0.8909090909090911 0.06927703523693801 0.19489028213166149
7 0.16773997569866345 0.4429623824451411 0.11883353584447143 0.08404388714733543
6 0.07870595382746051 0.5230407523510971 0.012454434993924674 0.034482758620689655
11 0.07943499392466585 0.5584796238244514 0.013669501822600244 0.031003134796238202
7 0.14040097205346294 0.5261285266457679 0.11822600243013363 0.08316614420062696
8 0.2221719319562576 0.586755485893417 0.02065006075334144 0.05156739811912231
8 0.27441069258809236 0.5774529780564263 0.015091130012150688 0.03954545454545449
6 0.45445929526123935 0.5436912225705329 0.025929526123936786 0.05380877742946715
8 0.3247114216281895 0.5753683385579937 0.012059538274605116 0.029420062695924825
8 0.36763365735115433 0.5765047021943573 0.010054678007290374 0.023855799373040797
8 0.4112241798298906 0.5790282131661442 0.008657351154313488 0.02200626959247652
8 0.4929708383961118 0.5841536050156739 0.007132442284325643 0.01783699059561128
8 0.5769319562575942 0.5913557993730407 0.00640340218712027 0.015313479623824513
11 0.453554070473876 0.5951567398119123 0.026294046172539543 0.0491222570532915
0 0.31330498177399757 0.6734326018808777 0.05492102065613608 0.10987460815047016
21 0.3154708383961118 0.8909090909090911 0.06927703523693801 0.19489028213166149
7 0.16773997569866345 0.4429623824451411 0.11883353584447143 0.08404388714733543
6 0.07870595382746051 0.5230407523510971 0.012454434993924674 0.034482758620689655
11 0.07943499392466585 0.5584796238244514 0.013669501822600244 0.031003134796238202
7 0.14040097205346294 0.5261285266457679 0.11822600243013363 0.08316614420062696
8 0.2221719319562576 0.586755485893417 0.02065006075334144 0.05156739811912231
8 0.27441069258809236 0.5774529780564263 0.015091130012150688 0.03954545454545449
