0 0.5569106925880923 0.5470689655172414 0.01041919805589306 0.014764890282131687
0 0.4866646415552855 0.6563479623824452 0.062393681652490846 0.09106583072100317
0 0.33869380315917375 0.8077742946708464 0.13201701093560148 0.23278996865203758
0 0.41527035236938037 0.682115987460815 0.09193803159173757 0.11946708463949847
0 0.5282381530984204 0.6171316614420063 0.04182260024301338 0.07231974921630092
0 0.5092466585662212 0.6288793103448276 0.04845686512758201 0.09145768025078364
1 0.5250516403402187 0.5678683385579938 0.0429708383961118 0.07586206896551721
0 0.3777642770352369 0.5930485893416928 0.049331713244228394 0.04211598746081505
2 0.2803675577156744 0.6481739811912225 0.2126184690157959 0.22873040752351098
0 0.5569106925880923 0.5470689655172414 0.01041919805589306 0.014764890282131687
0 0.4866646415552855 0.6563479623824452 0.062393681652490846 0.09106583072100317
0 0.33869380315917375 0.8077742946708464 0.13201701093560148 0.23278996865203758
0 0.41527035236938037 0.682115987460815 0.09193803159173757 0.11946708463949847
0 0.5282381530984204 0.6171316614420063 0.04182260024301338 0.07231974921630092
0 0.5092466585662212 0.6288793103448276 0.04845686512758201 0.09145768025078364
1 0.5250516403402187 0.5678683385579938 0.0429708383961118 0.07586206896551721
0 0.3777642770352369 0.5930485893416928 0.049331713244228394 0.04211598746081505
2 0.2803675577156744 0.6481739811912225 0.2126184690157959 0.22873040752351098
