1 0.46431652490887 0.5447100313479624 0.03540097205346293 0.08001567398119123
1 0.16336573511543134 0.6016692789968652 0.13232077764277037 0.14205329153605015
0 0.3780255164034022 0.5836520376175549 0.0498541919805589 0.06228840125391851
0 0.17664034021871203 0.8276645768025077 0.19422843256379105 0.3061128526645769
0 0.3253098420413123 0.5753369905956113 0.057910085054678005 0.05568965517241375
2 0.5133900364520049 0.5885579937304075 0.07234507897934389 0.16990595611285264
7 0.6217739975698664 0.5140047021943572 0.009137302551640388 0.03086206896551724
7 0.3650546780072904 0.5080485893416927 0.017582017010935636 0.013401253918495316
0 0.49693499392466584 0.890666144200627 0.20333535844471443 0.21866771159874607
0 0.42245443499392465 0.5980172413793103 0.038469015795868734 0.07628526645768027
1 0.46431652490887 0.5447100313479624 0.03540097205346293 0.08001567398119123
1 0.16336573511543134 0.6016692789968652 0.13232077764277037 0.14205329153605015
0 0.3780255164034022 0.5836520376175549 0.0498541919805589 0.06228840125391851
0 0.17664034021871203 0.8276645768025077 0.19422843256379105 0.3061128526645769
0 0.3253098420413123 0.5753369905956113 0.057910085054678005 0.05568965517241375
2 0.5133900364520049 0.5885579937304075 0.07234507897934389 0.16990595611285264
7 0.6217739975698664 0.5140047021943572 0.009137302551640388 0.03086206896551724
7 0.3650546780072904 0.5080485893416927 0.017582017010935636 0.013401253918495316
0 0.49693499392466584 0.890666144200627 0.20333535844471443 0.21866771159874607
0 0.42245443499392465 0.5980172413793103 0.038469015795868734 0.07628526645768027
