7 0.38241190765492106 0.5426489028213167 0.010510328068043783 0.032884012539184895
0 0.02710206561360875 0.8284874608150471 0.0542041312272175 0.2192006269592477
0 0.14210510328068043 0.6882758620689655 0.07654313487241797 0.1441379310344828
0 0.059763061968408256 0.6188479623824451 0.07512758201701093 0.08111285266457681
2 0.26781287970838397 0.5692319749216301 0.02415552855407047 0.07094043887147335
7 0.10291919805589307 0.5335188087774294 0.020528554070473888 0.012272727272727248
2 0.20959902794653706 0.5774764890282131 0.04021871202916163 0.09739811912225703
0 0.27884264884568655 0.679153605015674 0.058718104495747284 0.12225705329153605
7 0.38241190765492106 0.5426489028213167 0.010510328068043783 0.032884012539184895
0 0.02710206561360875 0.8284874608150471 0.0542041312272175 0.2192006269592477
0 0.14210510328068043 0.6882758620689655 0.07654313487241797 0.1441379310344828
0 0.059763061968408256 0.6188479623824451 0.07512758201701093 0.08111285266457681
2 0.26781287970838397 0.5692319749216301 0.02415552855407047 0.07094043887147335
7 0.10291919805589307 0.5335188087774294 0.020528554070473888 0.012272727272727248
2 0.20959902794653706 0.5774764890282131 0.04021871202916163 0.09739811912225703
0 0.27884264884568655 0.679153605015674 0.058718104495747284 0.12225705329153605
