0 0.16567436208991498 0.6196708463949844 0.07764277035236938 0.07664576802507843
7 0.06785236938031591 0.509294670846395 0.020151883353584456 0.023699059561128534
0 0.062071688942891855 0.5597178683385581 0.016585662211421628 0.024608150470219418
0 0.6027035236938031 0.6380329153605016 0.10747266099635479 0.08882445141065824
0 0.8210510328068044 0.6363636363636364 0.10273390036451999 0.08840125391849527
7 0.06849635479951398 0.5312460815047022 0.01967800729040097 0.01951410658307217
7 0.5900972053462941 0.5329937304075235 0.06160388821385175 0.03746081504702191
0 0.16567436208991498 0.6196708463949844 0.07764277035236938 0.07664576802507843
7 0.06785236938031591 0.509294670846395 0.020151883353584456 0.023699059561128534
0 0.062071688942891855 0.5597178683385581 0.016585662211421628 0.024608150470219418
0 0.6027035236938031 0.6380329153605016 0.10747266099635479 0.08882445141065824
0 0.8210510328068044 0.6363636363636364 0.10273390036451999 0.08840125391849527
7 0.06849635479951398 0.5312460815047022 0.01967800729040097 0.01951410658307217
7 0.5900972053462941 0.5329937304075235 0.06160388821385175 0.03746081504702191
