8 0.6846901579586877 0.57782131661442 0.013232077764277157 0.0319749216300941
8 0.3524696233292831 0.5868887147335423 0.02325030376670716 0.05465517241379311
8 0.4278554070473876 0.5782915360501567 0.016707168894289186 0.040595611285266425
5 0.8046719319562576 0.53782131661442 0.025747266099635548 0.048369905956112874
5 0.42893074119076546 0.5372727272727272 0.017642770352369358 0.04037617554858942
1 0.6522448359659782 0.5345141065830721 0.05082017010935607 0.05115987460815045
8 0.08197144592952613 0.6926880877742947 0.07184082624544351 0.17117554858934175
8 0.22119684082624544 0.6165125391849531 0.03500607533414338 0.08631661442006268
8 0.28910692588092346 0.5966536050156739 0.026889428918590516 0.06948275862068963
0 0.592010935601458 0.645462382445141 0.08219927095990277 0.09531347962382446
1 0.9288882138517619 0.5474921630094043 0.14222357229647625 0.06708463949843262
8 0.8000911300121507 0.5897335423197492 0.02484811664641561 0.05219435736677109
8 0.6846901579586877 0.57782131661442 0.013232077764277157 0.0319749216300941
8 0.3524696233292831 0.5868887147335423 0.02325030376670716 0.05465517241379311
8 0.4278554070473876 0.5782915360501567 0.016707168894289186 0.040595611285266425
5 0.8046719319562576 0.53782131661442 0.025747266099635548 0.048369905956112874
5 0.42893074119076546 0.5372727272727272 0.017642770352369358 0.04037617554858942
1 0.6522448359659782 0.5345141065830721 0.05082017010935607 0.05115987460815045
8 0.08197144592952613 0.6926880877742947 0.07184082624544351 0.17117554858934175
8 0.22119684082624544 0.6165125391849531 0.03500607533414338 0.08631661442006268
8 0.28910692588092346 0.5966536050156739 0.026889428918590516 0.06948275862068963
0 0.592010935601458 0.645462382445141 0.08219927095990277 0.09531347962382446
1 0.9288882138517619 0.5474921630094043 0.14222357229647625 0.06708463949843262
8 0.8000911300121507 0.5897335423197492 0.02484811664641561 0.05219435736677109
