8 0.21245443499392466 0.638871473354232 0.019441069258809233 0.050156739811912224
1 0.3515795868772783 0.591692789968652 0.1402187120291616 0.2495297805642634
12 0.4800121506682867 0.5299373040752351 0.0313487241798299 0.16238244514106578
7 0.21133049817739977 0.5579937304075235 0.05303766707168895 0.037304075235109646
12 0.5169501822600243 0.5284482758620689 0.048359659781287985 0.1691222570532916
8 0.21245443499392466 0.638871473354232 0.019441069258809233 0.050156739811912224
1 0.3515795868772783 0.591692789968652 0.1402187120291616 0.2495297805642634
12 0.4800121506682867 0.5299373040752351 0.0313487241798299 0.16238244514106578
7 0.21133049817739977 0.5579937304075235 0.05303766707168895 0.037304075235109646
12 0.5169501822600243 0.5284482758620689 0.048359659781287985 0.1691222570532916
