1 0.6773177399756987 0.550078369905956 0.15451397326852973 0.08605015673981188
5 0.6074726609963548 0.5331112852664577 0.046051032806804344 0.08722570532915357
21 0.3256318347509113 0.9302899686520376 0.08902794653705952 0.13942006269592483
8 0.14448967193195628 0.6216065830721004 0.03381530984204133 0.0882601880877743
8 0.26397326852976916 0.5797413793103449 0.013244228432563763 0.04130094043887151
5 0.14335054678007292 0.5329153605015674 0.03383353584447144 0.0768025078369906
0 0.7292982989064398 0.5913557993730407 0.058778857837181044 0.04236677115987465
6 0.7254252733900366 0.5384012539184952 0.00808019441069256 0.021630094043887077
13 0.9626427703523693 0.3350078369905956 0.05052247873633041 0.1107993730407524
2 0.5782503037667072 0.5738244514106583 0.057715674362089915 0.11630094043887146
8 0.60273390036452 0.6304075235109718 0.045200486026731455 0.09592476489028211
1 0.6773177399756987 0.550078369905956 0.15451397326852973 0.08605015673981188
5 0.6074726609963548 0.5331112852664577 0.046051032806804344 0.08722570532915357
21 0.3256318347509113 0.9302899686520376 0.08902794653705952 0.13942006269592483
8 0.14448967193195628 0.6216065830721004 0.03381530984204133 0.0882601880877743
8 0.26397326852976916 0.5797413793103449 0.013244228432563763 0.04130094043887151
5 0.14335054678007292 0.5329153605015674 0.03383353584447144 0.0768025078369906
0 0.7292982989064398 0.5913557993730407 0.058778857837181044 0.04236677115987465
6 0.7254252733900366 0.5384012539184952 0.00808019441069256 0.021630094043887077
13 0.9626427703523693 0.3350078369905956 0.05052247873633041 0.1107993730407524
2 0.5782503037667072 0.5738244514106583 0.057715674362089915 0.11630094043887146
8 0.60273390036452 0.6304075235109718 0.045200486026731455 0.09592476489028211
