0 0.8313693693693694 0.6203556485355648 0.031315315315315305 0.0625523012552302
0 0.4377792792792793 0.648744769874477 0.0455225225225225 0.06276150627615062
1 0.6080900900900901 0.5896443514644352 0.03318918918918922 0.0730125523012553
2 0.5122342342342342 0.638347280334728 0.051927927927927914 0.08460251046025104
8 0.9063693693693694 0.5399163179916318 0.02072072072072072 0.04330543933054397
8 0.7192252252252251 0.5548953974895398 0.015243243243243207 0.036234309623430945
0 0.3146306306306306 0.660836820083682 0.061333333333333316 0.072887029288703
1 0.5663693693693693 0.5832949790794979 0.041657657657657665 0.09085774058577395
1 0.21838288288288288 0.6799581589958159 0.43676576576576576 0.3614225941422594
0 0.7703423423423422 0.6326673640167363 0.02832432432432427 0.04177824267782421
0 0.8415765765765766 0.6426150627615063 0.03558558558558558 0.056234309623430956
0 0.8313693693693694 0.6203556485355648 0.031315315315315305 0.0625523012552302
0 0.4377792792792793 0.648744769874477 0.0455225225225225 0.06276150627615062
1 0.6080900900900901 0.5896443514644352 0.03318918918918922 0.0730125523012553
2 0.5122342342342342 0.638347280334728 0.051927927927927914 0.08460251046025104
8 0.9063693693693694 0.5399163179916318 0.02072072072072072 0.04330543933054397
8 0.7192252252252251 0.5548953974895398 0.015243243243243207 0.036234309623430945
0 0.3146306306306306 0.660836820083682 0.061333333333333316 0.072887029288703
1 0.5663693693693693 0.5832949790794979 0.041657657657657665 0.09085774058577395
1 0.21838288288288288 0.6799581589958159 0.43676576576576576 0.3614225941422594
0 0.7703423423423422 0.6326673640167363 0.02832432432432427 0.04177824267782421
0 0.8415765765765766 0.6426150627615063 0.03558558558558558 0.056234309623430956
