20 0.38403603603603603 0.3842991631799163 0.028144144144144102 0.033033472803347265
20 0.4716396396396396 0.38257322175732217 0.02877477477477477 0.030167364016736434
9 0.5744009009009009 0.6251359832635983 0.020567567567567606 0.05223849372384943
7 0.5678873873873874 0.4052928870292887 0.04874774774774776 0.026025104602510455
20 0.612536036036036 0.5623640167364017 0.009882882882882908 0.052761506276150685
7 0.6452657657657658 0.5926778242677825 0.024063063063063096 0.10794979079497913
1 0.8901981981981982 0.5692050209205021 0.2196036036036036 0.8615899581589959
0 0.3508918918918919 0.7751150627615062 0.3668828828828829 0.44976987447698746
20 0.38403603603603603 0.3842991631799163 0.028144144144144102 0.033033472803347265
20 0.4716396396396396 0.38257322175732217 0.02877477477477477 0.030167364016736434
9 0.5744009009009009 0.6251359832635983 0.020567567567567606 0.05223849372384943
7 0.5678873873873874 0.4052928870292887 0.04874774774774776 0.026025104602510455
20 0.612536036036036 0.5623640167364017 0.009882882882882908 0.052761506276150685
7 0.6452657657657658 0.5926778242677825 0.024063063063063096 0.10794979079497913
1 0.8901981981981982 0.5692050209205021 0.2196036036036036 0.8615899581589959
0 0.3508918918918919 0.7751150627615062 0.3668828828828829 0.44976987447698746
