7 0.31658262454434993 0.4139968652037617 0.03614216281895505 0.054263322884012546
7 0.34830498177399755 0.417962382445141 0.019258809234507856 0.03949843260188086
7 0.36273997569866345 0.5221630094043886 0.011846901579586877 0.009874608150470237
0 0.4329040097205346 0.7446708463949844 0.1376184690157959 0.21567398119122252
16 0.20767314702308629 0.5918730407523511 0.0036087484811664627 0.04926332288401255
0 0.3258748481166464 0.5841692789968653 0.028420413122721734 0.06238244514106585
16 0.361953219927096 0.5686755485893417 0.0033110571081409754 0.029514106583072165
16 0.15941069258809235 0.6476489028213167 0.006561360874848123 0.08216300940438874
16 0.38397326852976915 0.5889341692789969 0.004714459295261234 0.03993730407523514
0 0.33437424058323206 0.5482131661442006 0.017229647630619623 0.03084639498432603
16 0.4640127582017012 0.652782131661442 0.007685297691373012 0.09036050156739817
16 0.2377521263669502 0.5694592476489028 0.0023815309842041407 0.03139498432601877
7 0.31658262454434993 0.4139968652037617 0.03614216281895505 0.054263322884012546
7 0.34830498177399755 0.417962382445141 0.019258809234507856 0.03949843260188086
7 0.36273997569866345 0.5221630094043886 0.011846901579586877 0.009874608150470237
0 0.4329040097205346 0.7446708463949844 0.1376184690157959 0.21567398119122252
16 0.20767314702308629 0.5918730407523511 0.0036087484811664627 0.04926332288401255
0 0.3258748481166464 0.5841692789968653 0.028420413122721734 0.06238244514106585
16 0.361953219927096 0.5686755485893417 0.0033110571081409754 0.029514106583072165
16 0.15941069258809235 0.6476489028213167 0.006561360874848123 0.08216300940438874
16 0.38397326852976915 0.5889341692789969 0.004714459295261234 0.03993730407523514
0 0.33437424058323206 0.5482131661442006 0.017229647630619623 0.03084639498432603
16 0.4640127582017012 0.652782131661442 0.007685297691373012 0.09036050156739817
16 0.2377521263669502 0.5694592476489028 0.0023815309842041407 0.03139498432601877
