2 0.06884264884568651 0.5625235109717868 0.021136087484811668 0.024137931034482724
0 0.0287636695018226 0.5998119122257053 0.026980558930741187 0.03059561128526643
0 0.49801944106925883 0.5831818181818181 0.05944106925880918 0.04294670846394981
6 0.9232260024301338 0.5233699059561128 0.011518833535844356 0.03009404388714732
6 0.8125273390036453 0.5166849529780564 0.007873633049817762 0.024905956112852644
0 0.027293438639125152 0.5853213166144201 0.02404009720534629 0.026003134796238295
0 0.40318347509113 0.5942241379310345 0.06145808019441074 0.05540752351097182
20 0.3068195625759417 0.5166692789968652 0.009021871202916174 0.05741379310344827
10 0.3078068043742406 0.5695062695924765 0.015370595382746023 0.041865203761755454
20 0.3043286755771567 0.6081974921630093 0.005291616038882126 0.030909090909090862
0 0.07011846901579587 0.5797648902821316 0.01653098420413123 0.02006269592476491
0 0.22602976913730255 0.5787695924764891 0.04107533414337789 0.047758620689655217
1 0.4819927095990279 0.5387931034482759 0.15622114216281896 0.10642633228840122
1 0.19108444714459294 0.5346865203761756 0.009908869987849333 0.026959247648902892
0 0.040941676792223575 0.5926332288401255 0.024252733900364518 0.030877742946708447
20 0.21385176184690158 0.30227272727272725 0.008383961117861456 0.069435736677116
2 0.03334750911300122 0.5694043887147335 0.01910085054678007 0.022194357366771198
2 0.06884264884568651 0.5625235109717868 0.021136087484811668 0.024137931034482724
0 0.0287636695018226 0.5998119122257053 0.026980558930741187 0.03059561128526643
0 0.49801944106925883 0.5831818181818181 0.05944106925880918 0.04294670846394981
6 0.9232260024301338 0.5233699059561128 0.011518833535844356 0.03009404388714732
6 0.8125273390036453 0.5166849529780564 0.007873633049817762 0.024905956112852644
0 0.027293438639125152 0.5853213166144201 0.02404009720534629 0.026003134796238295
0 0.40318347509113 0.5942241379310345 0.06145808019441074 0.05540752351097182
20 0.3068195625759417 0.5166692789968652 0.009021871202916174 0.05741379310344827
10 0.3078068043742406 0.5695062695924765 0.015370595382746023 0.041865203761755454
20 0.3043286755771567 0.6081974921630093 0.005291616038882126 0.030909090909090862
0 0.07011846901579587 0.5797648902821316 0.01653098420413123 0.02006269592476491
0 0.22602976913730255 0.5787695924764891 0.04107533414337789 0.047758620689655217
1 0.4819927095990279 0.5387931034482759 0.15622114216281896 0.10642633228840122
1 0.19108444714459294 0.5346865203761756 0.009908869987849333 0.026959247648902892
0 0.040941676792223575 0.5926332288401255 0.024252733900364518 0.030877742946708447
20 0.21385176184690158 0.30227272727272725 0.008383961117861456 0.069435736677116
2 0.03334750911300122 0.5694043887147335 0.01910085054678007 0.022194357366771198
