8 0.1333839611178615 0.5976489028213167 0.007290400972053463 0.02021943573667708
6 0.15009720534629406 0.5343652037617556 0.009428918590522467 0.023746081504702157
6 0.2775911300121507 0.5385815047021943 0.009422843256379095 0.023746081504702157
10 0.53636695018226 0.6556426332288401 0.0683961117861482 0.1722257053291536
0 0.9668529769137303 0.657703761755486 0.06629404617253942 0.05217868338557988
3 0.9758991494532199 0.6107758620689654 0.0482017010935601 0.08452978056426333
20 0.5512606318347509 0.42339341692789967 0.054343863912515215 0.25587774294670845
1 0.10715370595382746 0.5465987460815047 0.04840218712029162 0.09263322884012534
3 0.6726883353584446 0.6119514106583073 0.05208383961117849 0.07246081504702197
20 0.5240583232077763 0.8255015673981191 0.02332928311057107 0.12768025078369902
6 0.9804070473876063 0.5533463949843259 0.03522478736330499 0.06625391849529787
1 0.05602369380315918 0.5608934169278997 0.0761300121506683 0.12178683385579936
1 0.2358748481166464 0.5618338557993731 0.027521263669501795 0.09106583072100317
3 0.7546658566221143 0.6239655172413794 0.05377885783718103 0.08451410658307212
8 0.1333839611178615 0.5976489028213167 0.007290400972053463 0.02021943573667708
6 0.15009720534629406 0.5343652037617556 0.009428918590522467 0.023746081504702157
6 0.2775911300121507 0.5385815047021943 0.009422843256379095 0.023746081504702157
10 0.53636695018226 0.6556426332288401 0.0683961117861482 0.1722257053291536
0 0.9668529769137303 0.657703761755486 0.06629404617253942 0.05217868338557988
3 0.9758991494532199 0.6107758620689654 0.0482017010935601 0.08452978056426333
20 0.5512606318347509 0.42339341692789967 0.054343863912515215 0.25587774294670845
1 0.10715370595382746 0.5465987460815047 0.04840218712029162 0.09263322884012534
3 0.6726883353584446 0.6119514106583073 0.05208383961117849 0.07246081504702197
20 0.5240583232077763 0.8255015673981191 0.02332928311057107 0.12768025078369902
6 0.9804070473876063 0.5533463949843259 0.03522478736330499 0.06625391849529787
1 0.05602369380315918 0.5608934169278997 0.0761300121506683 0.12178683385579936
1 0.2358748481166464 0.5618338557993731 0.027521263669501795 0.09106583072100317
3 0.7546658566221143 0.6239655172413794 0.05377885783718103 0.08451410658307212
