1 0.4226913730255164 0.576489028213166 0.1578979343863913 0.24326018808777428
11 0.31963547995139735 0.5398432601880877 0.0051275820170109685 0.013228840125391847
5 0.5456622114216282 0.542539184952978 0.02806804374240586 0.057178683385579965
1 0.5193894289185905 0.554858934169279 0.09102673147023088 0.11065830721003138
15 0.5439398541919805 0.5840360501567399 0.01719927095990283 0.017194357366771204
1 0.4226913730255164 0.576489028213166 0.1578979343863913 0.24326018808777428
11 0.31963547995139735 0.5398432601880877 0.0051275820170109685 0.013228840125391847
5 0.5456622114216282 0.542539184952978 0.02806804374240586 0.057178683385579965
1 0.5193894289185905 0.554858934169279 0.09102673147023088 0.11065830721003138
15 0.5439398541919805 0.5840360501567399 0.01719927095990283 0.017194357366771204
