7 0.4840400972053463 0.5863009404388715 0.027120291616038874 0.03272727272727272
0 0.3720443499392467 0.6260501567398119 0.08325030376670715 0.08175548589341697
5 0.4868469015795869 0.5254310344827586 0.03809234507897937 0.08518808777429462
12 0.8992922235722965 0.5021081504702195 0.1276245443499392 0.2826175548589342
0 0.28334143377885784 0.719090909090909 0.0805832320777643 0.18909090909090917
7 0.4840400972053463 0.5863009404388715 0.027120291616038874 0.03272727272727272
0 0.3720443499392467 0.6260501567398119 0.08325030376670715 0.08175548589341697
5 0.4868469015795869 0.5254310344827586 0.03809234507897937 0.08518808777429462
12 0.8992922235722965 0.5021081504702195 0.1276245443499392 0.2826175548589342
0 0.28334143377885784 0.719090909090909 0.0805832320777643 0.18909090909090917
