0 0.14682260024301336 0.654294670846395 0.04425273390036451 0.08094043887147333
0 0.578730255164034 0.7700470219435737 0.1138639125151883 0.16178683385579934
1 0.24436208991494535 0.6143181818181819 0.06558930741190765 0.219012539184953
1 0.9279617253948967 0.6147570532915361 0.14407654921020663 0.233025078369906
1 0.8525607533414338 0.6051802507836991 0.25380923450789794 0.21722570532915356
1 0.7492496962332927 0.5869905956112853 0.2187545565006075 0.17742946708463958
0 0.7770716889428918 0.7157366771159874 0.12277035236938028 0.11178683385579936
1 0.6594471445929525 0.5700783699059562 0.16300121506682866 0.141974921630094
0 0.9296142162818954 0.7845062695924765 0.14077156743620903 0.15010971786833852
0 0.2869501822600243 0.5595062695924765 0.020024301336573534 0.027695924764890308
0 0.5118377885783718 0.6140909090909091 0.04934993924665858 0.054263322884012546
1 0.982694410692588 0.6167163009404389 0.03461117861482383 0.233025078369906
1 0.4266069258809234 0.6319435736677116 0.08299513973268531 0.17811912225705326
0 0.14682260024301336 0.654294670846395 0.04425273390036451 0.08094043887147333
0 0.578730255164034 0.7700470219435737 0.1138639125151883 0.16178683385579934
1 0.24436208991494535 0.6143181818181819 0.06558930741190765 0.219012539184953
1 0.9279617253948967 0.6147570532915361 0.14407654921020663 0.233025078369906
1 0.8525607533414338 0.6051802507836991 0.25380923450789794 0.21722570532915356
1 0.7492496962332927 0.5869905956112853 0.2187545565006075 0.17742946708463958
0 0.7770716889428918 0.7157366771159874 0.12277035236938028 0.11178683385579936
1 0.6594471445929525 0.5700783699059562 0.16300121506682866 0.141974921630094
0 0.9296142162818954 0.7845062695924765 0.14077156743620903 0.15010971786833852
0 0.2869501822600243 0.5595062695924765 0.020024301336573534 0.027695924764890308
0 0.5118377885783718 0.6140909090909091 0.04934993924665858 0.054263322884012546
1 0.982694410692588 0.6167163009404389 0.03461117861482383 0.233025078369906
1 0.4266069258809234 0.6319435736677116 0.08299513973268531 0.17811912225705326
