9 0.39505771567436215 0.5327978056426331 0.03077156743620898 0.06713166144200625
0 0.3194198055893074 0.6139811912225706 0.03993317132442285 0.07529780564263326
0 0.16536452004860266 0.6636442006269592 0.06855407047387607 0.10396551724137928
15 0.3952126366950182 0.5802194357366771 0.03149453219927098 0.025047021943573698
0 0.27778554070473876 0.6004780564263323 0.035425273390036455 0.050485893416927864
2 0.38134568651275824 0.5746003134796238 0.03492709599027947 0.06531347962382447
9 0.39505771567436215 0.5327978056426331 0.03077156743620898 0.06713166144200625
0 0.3194198055893074 0.6139811912225706 0.03993317132442285 0.07529780564263326
0 0.16536452004860266 0.6636442006269592 0.06855407047387607 0.10396551724137928
15 0.3952126366950182 0.5802194357366771 0.03149453219927098 0.025047021943573698
0 0.27778554070473876 0.6004780564263323 0.035425273390036455 0.050485893416927864
2 0.38134568651275824 0.5746003134796238 0.03492709599027947 0.06531347962382447
