0 0.8433718104495748 0.8403996865203761 0.31325637910085047 0.2674451410658307
0 0.4434173754556501 0.6245689655172414 0.09011543134872413 0.06387147335423198
0 0.48832928311057106 0.6330799373040752 0.1156014580801944 0.09296238244514107
2 0.27224483596597815 0.5839498432601881 0.028657351154313497 0.08257053291536043
0 0.5216403402187121 0.663205329153605 0.12744835965978127 0.08330721003134793
0 0.5612029161603889 0.6816771159874607 0.14646415552855402 0.11194357366771163
0 0.2698724179829891 0.642539184952978 0.052308626974483574 0.1195297805642633
0 0.6291767922235723 0.7213479623824451 0.1808809234507898 0.15084639498432595
0 0.8433718104495748 0.8403996865203761 0.31325637910085047 0.2674451410658307
0 0.4434173754556501 0.6245689655172414 0.09011543134872413 0.06387147335423198
0 0.48832928311057106 0.6330799373040752 0.1156014580801944 0.09296238244514107
2 0.27224483596597815 0.5839498432601881 0.028657351154313497 0.08257053291536043
0 0.5216403402187121 0.663205329153605 0.12744835965978127 0.08330721003134793
0 0.5612029161603889 0.6816771159874607 0.14646415552855402 0.11194357366771163
0 0.2698724179829891 0.642539184952978 0.052308626974483574 0.1195297805642633
0 0.6291767922235723 0.7213479623824451 0.1808809234507898 0.15084639498432595
