1 0.24155224787363308 0.5813557993730407 0.07792831105710817 0.2909247648902821
0 0.2883535844471446 0.8708072100313481 0.1687606318347509 0.2583855799373041
0 0.06685905224787363 0.5897335423197492 0.03724179829890643 0.043730407523510935
2 0.09632442284325639 0.6576018808777429 0.08402187120291615 0.179153605015674
2 0.24685297691373026 0.6859717868338557 0.09900364520048605 0.304858934169279
0 0.19798906439854191 0.5643416927899687 0.013232077764277018 0.028056426332288366
0 0.025972053462940462 0.7960109717868339 0.051944106925880924 0.2481034482758621
10 0.29996354799513975 0.5296394984326018 0.016330498177399753 0.03921630094043893
12 0.33138517618469016 0.5254780564263323 0.01781287970838399 0.045626959247648924
0 0.14283110571081412 0.6148902821316614 0.0382746051032807 0.07836990595611286
1 0.24155224787363308 0.5813557993730407 0.07792831105710817 0.2909247648902821
0 0.2883535844471446 0.8708072100313481 0.1687606318347509 0.2583855799373041
0 0.06685905224787363 0.5897335423197492 0.03724179829890643 0.043730407523510935
2 0.09632442284325639 0.6576018808777429 0.08402187120291615 0.179153605015674
2 0.24685297691373026 0.6859717868338557 0.09900364520048605 0.304858934169279
0 0.19798906439854191 0.5643416927899687 0.013232077764277018 0.028056426332288366
0 0.025972053462940462 0.7960109717868339 0.051944106925880924 0.2481034482758621
10 0.29996354799513975 0.5296394984326018 0.016330498177399753 0.03921630094043893
12 0.33138517618469016 0.5254780564263323 0.01781287970838399 0.045626959247648924
0 0.14283110571081412 0.6148902821316614 0.0382746051032807 0.07836990595611286
