0 0.6160510328068044 0.40534482758620693 0.09374240583232082 0.12329153605015673
2 0.5932290400972053 0.15105015673981192 0.05182867557715678 0.07018808777429467
0 0.46693195625759415 0.3525 0.05956257594167684 0.11594043887147336
0 0.5636938031591737 0.17663009404388713 0.03342648845686512 0.04849529780564263
0 0.5916342648845686 0.18572100313479623 0.02193195625759418 0.04514106583072098
0 0.5183535844471446 0.24232758620689654 0.02558930741190766 0.07023510971786834
0 0.3857138517618469 0.5382288401253918 0.08122114216281899 0.20269592476489026
0 0.6016859052247874 0.21940438871473358 0.03264277035236939 0.05322884012539186
0 0.48625455650060756 0.2999137931034483 0.03971445929526117 0.09700626959247646
0 0.6089641555285541 0.5813949843260188 0.13862089914945327 0.26974921630094045
0 0.6311087484811665 0.8796473354231975 0.18085662211421633 0.240705329153605
0 0.598818347509113 0.3255172413793104 0.058754556500607555 0.10241379310344828
1 0.5305133657351154 0.17919278996865204 0.03971445929526124 0.11788401253918497
12 0.6459872417982989 0.14069749216300942 0.010492102065613598 0.02869905956112853
0 0.4328068043742406 0.42857366771159877 0.07472660996354799 0.16777429467084637
0 0.6056044957472662 0.2625313479623825 0.051439854191980605 0.07343260188087773
1 0.22245747266099636 0.5847962382445141 0.3003462940461725 0.8159247648902821
0 0.5041433778857837 0.27899686520376177 0.02379100850546778 0.10517241379310348
0 0.49116342648845684 0.16796238244514106 0.03500000000000001 0.051473354231974924
0 0.6290856622114216 0.8920768025078369 0.16649453219927093 0.21584639498432598
1 0.5298693803159173 0.18685736677115988 0.04220534629404619 0.12283699059561129
0 0.5039732685297691 0.2785658307210031 0.0345808019441069 0.09020376175548592
0 0.5650455650060754 0.1785423197492163 0.031634264884568684 0.039780564263322875
0 0.6062302551640341 0.26851880877742945 0.04148845686512756 0.07738244514106583
0 0.5925243013365735 0.1915360501567398 0.02333535844471444 0.045141065830721
0 0.5138061968408262 0.24945141065830717 0.03241190765492104 0.0719435736677116
0 0.3862545565006076 0.5420376175548589 0.09942284325637908 0.22156739811912227
0 0.6032594167679222 0.22642633228840123 0.03515795868772783 0.058432601880877746
0 0.6013031591737545 0.3311363636363636 0.05377278250303766 0.10239811912225708
0 0.4812727825030376 0.31410658307210026 0.0503341433778858 0.10752351097178682
0 0.6070200486026731 0.5789420062695925 0.11755164034021878 0.2653134796238244
0 0.49123633049817744 0.16923197492163009 0.03417375455650061 0.04053291536050157
0 0.4616646415552856 0.35949059561128527 0.06281895504252732 0.13180250783699055
0 0.43462332928311054 0.4286050156739812 0.07437424058323212 0.16222570532915362
2 0.5903402187120292 0.15123824451410658 0.046172539489671933 0.06021943573667712
1 0.22503948967193196 0.612139498432602 0.3003462940461725 0.7757210031347962
12 0.6458869987849333 0.14158307210031348 0.010291616038882033 0.022789968652037605
0 0.618077156743621 0.41560344827586204 0.07259416767922229 0.1333699059561128
